2.653891
0.75993
0.371702
0.331298
0.301371
0.291019
0.181006
0.299955
0.26915
0.270178
0.134072
0.137348
0.280845
0.248949
0.250625
0.210506
0.250621
0.100997
0.266775
0.157223
0.227528
0.190723
0.229116
0.293019
0.186368
0.212206
0.295856
0.274335
0.218381
0.345008
0.197908
0.233488
0.149424
0.208184
0.053363
0.097185
0.160672
0.163361
0.056297
0.089164
0.267557
0.215527
0.073663
0.066999
0.109425
0.107463
0.111772
0.14183
0.125906
0.160211
0.108253
0.188046
0.144449
0.145102
0.108514
0.162195
0.129041
0.068283
0.092706
0.110411
0.116493
0.044236
0.182211
0.124356
0.059179
0.113788
0.105601
0.15849
0.054364
0.148218
0.159929
0.071852
0.121483
0.150567
0.103324
0.05999
0.088717
0.109137
0.108192
0.085192
0.081831
0.08684
0.08329
0.11505
0.099733
0.13795
0.209979
0.07029
0.075598
0.113928
0.101596
0.1234
0.09248
0.118864
0.06963
0.077004
0.328606
0.150345
0.121095
0.178006
0.191141
0.070328
0.034199
0.103117
0.067491
0.114195
0.090941
0.067038
0.078953
0.132766
0.141637
0.093578
0.214862
0.059092
0.065876
0.165339
0.076854
0.06502
0.078986
0.199385
0.088547
0.189861
0.106136
0.136054
0.101421
0.104121
0.112694
0.227682
0.16087
0.171842
0.096976
0.125138
0.134059
0.14494
0.22853
0.172635
0.133615
0.078954
0.082402
0.120514
0.106868
0.114673
0.088865
0.051262
0.286377
0.080986
0.036339
0.066033
0.097682
0.162864
0.101957
0.099302
0.062183
0.182125
0.072193
0.063891
0.093296
0.106775
0.130278
0.062835
0.157221
0.155083
0.167978
0.137831
0.081079
0.075707
0.123719
0.119168
0.062781
0.078619
0.106073
0.089258
0.12172
0.127622
0.149119
0.114639
0.051481
0.17639
0.152264
0.203377
0.030755
0.138407
0.091808
0.251023
0.126907
0.091799
0.10736
0.057177
0.151697
0.191825
0.052452
0.050625
0.061081
0.122155
0.067564
0.115855
0.255637
0.143021
0.188433
0.092504
0.129266
0.127067
0.037453
0.077595
0.160287
0.120587
0.215002
0.116352
0.093725
0.093333
0.095794
0.247657
0.084096
0.140386
0.11434
0.150188
0.304747
0.047759
0.410221
0.066409
0.08877
0.080242
0.09878
0.10753
0.113197
0.117583
0.058602
0.238386
0.080754
0.044679
0.074924
0.11154
0.087412
0.123538
0.171058
0.1037
0.10947
0.051994
0.078249
0.233952
0.156284
0.086637
0.164072
0.128049
0.091426
0.140184
0.093725
0.08715
0.110732
0.1204
0.112882
0.10789
0.128336
0.06068
0.16887
0.143344
0.151305
0.098009
0.109364
0.067236
0.141284
0.135174
0.080145
0.076455
0.107425
0.047536
0.147901
0.024714
0.139143
0.067027
0.183608
0.088584
0.120978
0.196228
0.100094
0.197551
0.100265
0.119536
0.060127
0.107461
0.143949
0.142974
0.063921
0.086992
0.128399
0.102121
0.072759
0.133941
0.150924
0.170439
0.074587
0.109209
0.069608
0.095028
0.128263
0.09272
0.072042
0.066688
0.129116
0.099036
0.077424
0.129248
0.11339
0.131738
0.309898
0.126711
0.046685
0.170259
0.147944
0.081795
0.068068
0.159037
0.119509
0.154998
0.073
0.17156
0.050228
0.071953
0.09516
0.208784
0.138757
0.093311
0.144591
0.110024
0.103865
0.127437
0.090076
0.119629
0.099373
0.080739
0.136799
0.0933
0.181013
0.073851
0.159367
0.102549
0.104911
0.187003
0.061628
0.16528
0.054003
0.225848
0.100959
0.099673
0.09362
0.110319
0.129636
0.142015
0.104406
0.052933
0.062384
0.042669
0.06813
0.1007
0.109098
0.087798
0.116473
0.177755
0.094805
0.125915
0.054516
0.097446
0.18261
0.144945
0.147838
0.091107
0.112531
0.101116
0.136307
0.097886
0.064733
0.080443
0.095012
0.037758
0.089572
0.086548
0.071327
0.104347
0.074517
0.169737
0.22038
0.116737
0.138788
0.234593
0.084082
0.207149
0.08259
0.317496
0.085449
0.075867
0.156278
0.154502
0.256009
0.092905
0.157457
0.028359
0.142721
0.168205
0.03087
0.122788
0.21968
0.065769
0.12534
0.097
0.103275
0.094759
0.139144
0.174688
0.066023
0.091133
0.08462
0.153487
0.140939
0.052555
0.072767
0.116241
0.15441
0.166994
0.13721
0.042052
0.179186
0.102959
0.08705
0.035068
0.090777
0.149561
0.142402
0.098317
0.165432
0.080464
0.164767
0.219468
0.121651
0.090686
0.089912
0.050018
0.188718
0.146209
0.183877
0.074701
0.099142
0.089532
0.104829
0.102069
0.155315
0.15121
0.139172
0.129371
0.11038
0.164381
0.122918
0.051974
0.109716
0.140364
0.141566
0.140975
0.122653
0.138073
0.128632
0.036499
0.125011
0.160064
0.075448
0.065392
0.080027
0.112574
0.068346
0.146839
0.14957
0.148594
0.104213
0.108535
0.174863
0.07535
0.165524
0.133458
0.048119
0.068057
0.062542
0.036524
0.220757
0.134298
0.247958
0.093547
0.117789
0.057401
0.127314
0.045016
0.148832
0.09528
0.05392
0.09504
0.09895
0.094031
0.088732
0.06391
0.084804
0.070358
0.148323
0.032976
0.051055
0.077444
0.109677
0.100055
0.101386
0.137147
0.075083
0.062108
0.093487
0.09934
0.092513
0.117814
0.141486
0.07998
0.148389
0.098332
0.118665
0.076186
0.11596
0.161133
0.266534
0.04357
0.060997
0.117749
0.138358
0.129067
0.081129
0.073653
0.156427
0.104666
0.053663
0.103551
0.208979
0.177535
0.14373
0.100747
0.101558
0.126592
0.067777
0.161839
0.135651
0.159572
0.078663
0.115988
0.210431
0.178506
0.173634
0.132527
0.146412
0.115281
0.15067
0.087982
0.087673
0.055048
0.043051
0.140261
0.164766
0.199005
0.095437
0.064411
0.065695
0.175327
0.064688
0.070936
0.126806
0.113185
0.051996
0.051839
0.153633
0.109317
0.115748
0.153368
0.067376
0.126539
0.200735
0.180065
0.116689
0.073108
0.074117
0.171896
0.115438
0.052478
0.044992
0.078255
0.08078
0.185138
0.095274
0.046674
0.142216
0.124781
0.127632
0.112192
0.085304
0.073944
0.086288
0.194681
0.129619
0.070999
0.187685
0.121718
0.077169
0.116356
0.073429
0.143731
0.093479
0.123193
0.059292
0.052945
0.167418
0.105728
0.140438
0.156536
0.122423
0.09548
0.072188
0.115894
0.173183
0.126916
0.058404
0.093586
0.136234
0.214016
0.113475
0.14237
0.071588
0.177078
0.089142
0.121843
0.121263
0.170581
0.067555
0.074626
0.027345
0.082807
0.049202
0.054291
0.180466
0.097056
0.197892
0.143402
0.122798
0.104563
0.094305
0.083267
0.091882
0.171431
0.079483
0.137568
0.065398
0.048425
0.100824
0.095801
0.086947
0.122045
0.13542
0.101613
0.082991
0.074413
0.051196
0.144968
0.127171
0.134459
0.056853
0.077358
0.144379
0.135043
0.075427
0.153355
0.122361
0.058893
0.137004
0.026006
0.147725
0.07012
0.08002
0.096539
0.188074
0.06059
0.105358
0.062624
0.06583
0.139083
0.200929
0.279875
0.030161
0.151045
0.097644
0.098678
0.10713
0.075728
0.148068
0.072703
0.063837
0.136211
0.161716
0.076994
0.189157
0.132254
0.168553
0.191549
0.058236
0.138224
0.170715
0.157686
0.064525
0.165397
0.066973
0.07228
0.143248
0.107754
0.080642
0.097638
0.181433
0.07726
0.078066
0.125244
0.083493
0.117414
0.124068
0.174299
0.04846
0.070198
0.054921
0.098075
0.088613
0.108611
0.183816
0.097759
0.113978
0.16169
0.080863
0.09819
0.191402
0.24655
0.241216
0.095516
0.074718
0.148452
0.108184
0.163056
0.071295
0.047135
0.089434
0.156888
0.148459
0.128256
0.108211
0.088605
0.083776
0.125416
0.07152
0.154622
0.124918
0.106477
0.120238
0.225536
0.080375
0.05479
0.076662
0.043097
0.113719
0.046675
0.147259
0.085292
0.089046
0.144659
0.119171
0.119715
0.091686
0.146425
0.134995
0.080771
0.125858
0.140572
0.11234
0.088316
0.08386
0.11785
0.050259
0.117616
0.073341
0.079391
0.123455
0.107939
0.019425
0.138734
0.089876
0.110858
0.142608
0.044152
0.11068
0.055196
0.240534
0.212796
0.07095
0.156122
0.162899
0.19661
0.100799
0.100015
0.149373
0.064109
0.161126
0.108936
0.079645
0.055382
0.234887
0.058847
0.134136
0.126812
0.114246
0.145986
0.149329
0.179817
0.116033
0.076334
0.119497
0.109762
0.131632
0.118668
0.042715
0.047362
0.100931
0.103252
0.07145
0.154847
0.149666
0.090137
0.104484
0.051487
0.065644
0.114999
0.157542
0.115093
0.176794
0.176551
0.095586
0.095508
0.082033
0.137318
0.052126
0.14299
0.145573
0.075328
0.101856
0.103774
0.122864
0.040877
0.06121
0.123201
0.111615
0.218756
0.023909
0.118834
0.104838
0.235235
0.12874
0.109418
0.122141
0.112725
0.159811
0.099893
0.124036
0.13127
0.082431
0.075836
0.084004
0.119298
0.039002
0.076019
0.162484
0.117628
0.107947
0.057793
0.144072
0.110073
0.075487
0.140886
0.084512
0.148558
0.150422
0.083896
0.063064
0.161953
0.052155
0.057757
0.118016
0.097716
0.184223
0.157597
0.149058
0.168102
0.160254
0.140253
0.139566
0.138886
0.13582
0.040653
0.135525
0.091324
0.092505
0.186347
0.056194
0.145234
0.072722
0.118959
0.138895
0.105033
0.163077
0.12656
0.078896
0.112656
0.09772
0.050025
0.128073
0.168787
0.24089
0.049518
0.122001
0.095333
0.085857
0.057842
0.105253
0.063153
0.116343
0.078674
0.106454
0.187646
0.096705
0.12714
0.151201
0.133249
0.114986
0.275999
0.055333
0.121661
0.130145
0.076867
0.108381
0.234746
0.213447
0.115154
0.177625
0.118607
0.14675
0.134164
0.120904
0.052276
0.043461
0.123403
0.151138
0.068076
0.102193
0.144605
0.172249
0.117416
0.069456
0.150609
0.170987
0.109049
0.107409
0.133071
0.033647
0.153661
0.113642
0.094661
0.152161
0.219525
0.164192
0.162448
0.07463
0.075811
0.066563
0.131273
0.162387
0.090578
0.095659
0.043794
0.074545
0.058142
0.167143
0.115562
0.087984
0.114423
0.105272
0.197069
0.190039
0.083718
0.164073
0.198304
0.160081
0.076834
0.082445
0.140721
0.132221
0.090707
0.069686
0.084595
0.08017
0.129735
0.098253
0.088114
0.049431
0.059513
0.222876
0.246273
0.125551
0.108886
0.217815
0.160927
0.108303
0.132211
0.060877
0.119767
0.094652
0.09193
0.160343
0.089981
0.243532
0.145751
0.153891
0.207381
0.115942
0.033064
0.07311
0.056285
0.171267
0.203527
0.25294
0.074445
0.208216
0.1069
0.088676
0.085698
0.092166
0.129115
0.296129
0.08996
0.049003
0.065953
0.1203
0.065338
0.173793
0.086123
0.092959
0.126155
0.09553
0.159581
0.148477
0.113398
0.122837
0.160038
0.16067
0.090016
0.065092
0.098714
0.068295
0.101638
0.104196
0.19116
0.07636
0.149207
0.184548
0.156301
0.042063
0.121201
0.052096
0.199571
0.168763
0.148051
0.138788
0.104348
0.195623
0.107799
0.088143
0.111957
0.154709
0.155285
0.132523
0.246258
0.109481
0.050665
0.161849
0.103066
0.022476
0.058771
0.031151
0.117246
0.149008
0.092469
0.13287
0.13584
0.138513
0.049064
0.058025
0.040839
0.203287
0.141364
0.219809
0.120623
0.107707
0.15702
0.110898
0.083322
0.159052
0.181595
0.051353
0.202213
0.159599
0.085095
0.097611
0.100929
0.052697
0.15671
0.154442
0.141528
0.068663
0.139791
0.041047
0.043203
0.109759
0.098372
0.083146
0.129566
0.170657
0.168113
0.056194
0.095028
0.132945
0.060195
0.102152
0.108226
0.065768
0.080539
0.170558
0.148856
0.113503
0.0298
0.211097
0.150211
0.112947
0.132661
0.282792
0.115795
0.204158
0.058558
0.063453
0.121028
0.073245
0.113135
0.091136
0.092544
0.094701
0.099623
0.157081
0.140829
0.156989
0.173291
0.086981
0.090877
0.100493
0.112087
0.184158
0.105525
0.127957
0.154394
0.13651
0.124116
0.103114
0.153223
0.053813
0.146559
0.046074
0.04845
0.100247
0.075114
0.065867
0.052483
0.08459
0.135723
0.10008
0.139905
0.07331
0.183784
0.095818
0.075547
0.071476
0.111812
0.104484
0.196587
0.056841
0.071947
0.116788
0.107051
0.12385
0.079614
0.096804
0.229387
0.136853
0.113614
0.132416
0.151319
0.140825
0.13838
0.049193
0.116151
0.256561
0.100757
0.0748
0.077934
0.130017
0.066032
0.100498
0.081292
0.088207
0.067033
0.154486
0.117004
0.201078
0.196552
0.075208
0.177678
0.129893
0.124911
0.152781
0.090049
0.112984
0.122863
0.129925
0.264227
0.131579
0.162713
0.095685
0.07422
0.078564
0.186015
0.089845
0.149064
0.098497
0.058812
0.059964
0.066201
0.119738
0.036408
0.175021
0.079192
0.158966
0.052699
0.073337
0.155625
0.112845
0.116053
0.136644
0.139929
0.106605
0.070542
0.136843
0.135625
0.159144
0.04136
0.083564
0.097006
0.062846
0.236027
0.117028
0.10047
0.052164
0.076276
0.100395
0.079785
0.139472
0.137101
0.240648
0.143816
0.141519
0.136264
0.057703
0.123879
0.143096
0.132839
0.078061
0.030136
0.052816
0.074709
0.104157
0.162543
0.107434
0.084332
0.076952
0.131978
0.119207
0.167643
0.139543
0.223811
0.041128
0.137683
0.141151
0.114676
0.079621
0.29719
0.174862
0.091022
0.147284
0.104423
0.054946
0.117728
0.117077
0.132373
0.053954
0.09483
0.165958
0.150781
0.099148
0.087691
0.09575
0.120814
0.07374
0.114336
0.038005
0.072162
0.111953
0.123178
0.177562
0.185085
0.04325
0.11624
0.078412
0.14148
0.177023
0.132533
0.118109
0.167688
0.05556
0.135277
0.125858
0.061232
0.115037
0.146986
0.079183
0.053808
0.073431
0.147952
0.206463
0.160196
0.083912
0.139963
0.074582
0.094694
0.109237
0.076612
0.078098
0.143283
0.137853
0.113363
0.143956
0.075654
0.098039
0.066314
0.127968
0.142617
0.100598
0.071019
0.082955
0.118301
0.07849
0.083637
0.207918
0.097303
0.041359
0.104609
0.133123
0.088496
0.099061
0.077617
0.145502
0.096298
0.15287
0.065171
0.055059
0.127054
0.06273
0.191066
0.1453
0.186471
0.089462
0.124578
0.057384
0.071539
0.189827
0.16322
0.103497
0.144989
0.054208
0.096498
0.234093
0.051136
0.131706
0.090323
0.23421
0.103755
0.040104
0.116521
0.06068
0.146451
0.175499
0.160432
0.116036
0.041701
0.126986
0.108737
0.08133
0.052181
0.054165
0.059269
0.060727
0.151765
0.069673
0.079815
0.108615
0.077343
0.106356
0.088217
0.097075
0.065376
0.077118
0.172495
0.083381
0.18366
0.108906
0.08502
0.18483
0.087623
0.104982
0.113283
0.14262
0.102654
0.065734
0.031543
0.215805
0.15101
0.107742
0.066714
0.049181
0.191743
0.181994
0.047937
0.107646
0.212815
0.155594
0.121543
0.134068
0.086811
0.055846
0.130342
0.031512
0.074543
0.140408
0.117081
0.06962
0.125363
0.057836
0.094086
0.14654
0.064282
0.168708
0.085012
0.03959
0.051806
0.163949
0.145875
0.108003
0.087659
0.120065
0.132669
0.049274
0.09485
0.200444
0.113806
0.220711
0.197052
0.086681
0.048752
0.064489
0.119868
0.152956
0.074853
0.044465
0.102682
0.040176
0.046368
0.112902
0.095694
0.117835
0.092338
0.137137
0.112603
0.10014
0.172758
0.133766
0.086731
0.05207
0.075018
0.19614
0.114594
0.078567
0.168862
0.164536
0.108773
0.116603
0.104293
0.083214
0.118614
0.145052
0.060762
0.075032
0.114104
0.072659
0.091903
0.110405
0.067768
0.1051
0.14693
0.054251
0.083174
0.10727
0.231362
0.059712
0.107884
0.148521
0.172403
0.176007
0.075853
0.080405
0.287437
0.076999
0.059185
0.106975
0.148918
0.074414
0.083727
0.099637
0.129697
0.044022
0.110393
0.109527
0.053991
0.109974
0.045295
0.115831
0.043254
0.10362
0.090897
0.075511
0.136184
0.156791
0.145374
0.028224
0.117986
0.170347
0.181373
0.148019
0.095072
0.170366
0.184681
0.090654
0.056838
0.070508
0.135258
0.161297
0.096513
0.177595
0.150933
0.084077
0.037816
0.072932
0.172761
0.140307
0.059775
0.102272
0.171824
0.056694
0.097232
0.120918
0.117178
0.128141
0.135764
0.127882
0.108299
0.124721
0.182331
0.073568
0.09693
0.075259
0.130455
0.155269
0.115812
0.132279
0.101612
0.15666
0.095739
0.072818
0.096459
0.172076
0.096285
0.193783
0.168918
0.076184
0.120665
0.180469
0.05908
0.218965
0.09706
0.083622
0.090252
0.092729
0.061944
0.07345
0.121107
0.11842
0.102888
0.235162
0.072536
0.146497
0.087362
0.229281
0.112023
0.158989
0.094873
0.110596
0.066014
0.122595
0.054261
0.125087
0.162113
0.049786
0.054193
0.08866
0.056266
0.087718
0.085682
0.097996
0.084146
0.195857
0.13444
0.193729
0.06553
0.10696
0.054949
0.146073
0.148735
0.087461
0.159836
0.055689
0.083811
0.163424
0.033576
0.093968
0.213747
0.114265
0.081793
0.091015
0.121537
0.026886
0.091137
