296.921736
172.351317
191.620788
191.177059
179.448303
194.496651
167.721628
156.793117
244.194909
149.161911
155.028071
187.545551
172.472015
177.380108
183.094263
199.388409
139.349715
174.268912
163.826628
160.968279
169.616827
166.524828
161.602931
153.661709
155.987478
115.598079
166.421842
141.132731
163.198973
146.430875
171.852168
150.651832
167.183395
153.944431
149.760529
157.055578
157.484315
124.007473
130.055579
165.921444
151.168918
186.066188
182.895685
168.839608
137.007343
155.624218
153.857143
133.100949
170.597133
164.885661
148.413333
175.831912
136.292849
167.567597
173.636726
152.878668
155.565192
169.655702
149.904273
136.697067
160.780842
151.858245
173.219716
156.35845
188.861983
162.021075
191.337687
146.250499
178.035609
140.387342
146.790235
163.881393
156.900473
132.100242
189.410176
168.204067
157.057892
146.179147
167.017006
168.884698
182.778467
176.511967
138.568636
188.377254
197.68022
155.200429
148.06187
164.947006
149.978951
176.978336
136.678337
162.021457
211.866998
167.414444
140.603541
189.252239
160.791936
141.301484
115.045693
149.119688
129.921428
165.269825
206.983894
179.167296
136.76576
149.434768
137.074621
144.511899
158.714357
157.364214
155.667148
131.305948
174.640247
143.241761
177.404923
154.858569
151.147113
138.423341
155.763638
157.699685
178.590195
156.034873
169.375153
139.028025
150.427979
181.854142
132.941846
115.524574
187.185683
136.167557
152.946243
149.591943
169.911811
128.453727
154.349702
179.242055
138.791841
132.387841
163.023478
147.819184
158.660057
169.398808
139.811205
144.867919
161.105588
172.739058
165.831519
176.694156
186.77014
127.079668
147.215525
147.457079
167.994567
161.594221
159.239319
182.650131
132.870349
131.957332
156.434909
170.22798
143.018529
161.720399
116.982052
151.319748
162.284044
136.315396
139.337778
159.972917
186.624914
133.551019
143.937908
145.095968
161.612063
186.698037
166.1903
176.903176
204.206713
178.519351
146.322737
160.801729
186.264969
157.077292
158.176941
174.467152
173.605868
194.116994
169.236899
166.790211
140.649583
125.95737
155.28315
153.212288
139.463988
165.864993
156.953038
157.116281
178.874398
137.382192
148.258815
174.97518
180.15318
139.426231
144.503963
118.806223
207.946739
160.070203
164.296532
172.6902
139.969243
119.069174
162.597351
193.468056
184.133234
157.567907
174.196654
169.563834
165.244119
146.484395
0.166694
158.112948
160.351829
170.7546
159.419839
147.697682
171.817931
161.627121
131.988098
175.353776
129.809514
158.427801
177.16695
179.556337
165.545173
136.578966
182.507762
146.87747
166.315756
158.579798
136.239239
180.518338
139.973131
158.309252
149.619451
165.192806
132.17867
166.820068
0.461514
187.49741
175.962983
169.929817
168.371402
138.970177
161.727779
157.899558
181.772501
174.778202
188.411176
140.859996
129.147431
165.101035
161.525313
147.178624
180.650326
175.303865
136.520262
146.007972
140.375367
164.874129
156.854802
156.705507
190.25429
182.315991
142.336988
169.781772
141.613772
129.471948
132.721155
173.781539
134.199928
149.601364
159.96391
193.099309
156.457229
146.519583
171.993749
152.229943
0.368108
162.674009
159.417378
145.041728
142.031734
162.323138
184.794084
171.097922
207.909943
147.22052
185.546602
156.64411
164.774151
165.391885
139.929288
141.82346
156.065543
167.041538
151.345695
162.981032
133.12031
166.309975
152.426276
169.22121
131.87513
180.229903
142.770298
145.304429
137.823852
144.257788
138.679482
155.090387
152.385666
165.593793
170.989691
134.77809
192.045513
171.647509
150.729244
140.887706
136.415697
176.743312
139.955975
151.740538
177.931065
165.309556
159.085425
170.59888
152.076388
153.930311
167.099213
176.121801
154.833153
161.195451
162.353411
123.819386
167.657529
132.915587
146.511289
161.738559
158.155379
169.693502
179.390723
171.644281
142.335845
145.784644
137.900106
164.958916
154.646958
163.846917
153.72752
148.494258
166.823728
154.944755
152.835652
168.161923
134.391638
130.401442
147.083757
144.997683
135.908783
149.546696
146.772544
154.629843
139.593702
160.400227
134.82222
140.47504
179.115654
133.345945
161.52631
172.165801
151.397929
146.218646
152.826589
159.943238
131.058777
163.012801
142.308639
138.614573
140.789628
172.921779
0.540953
168.660073
188.968638
151.414419
178.142662
140.590506
163.86966
165.435032
161.017575
156.283718
156.468549
142.991341
136.204285
158.887047
161.399241
162.82622
161.035353
204.562359
157.897217
149.885826
146.048054
152.044409
193.037918
148.445036
147.814127
154.642116
162.330935
127.919421
148.784094
126.468833
140.143742
131.610429
181.739821
159.706934
172.395619
141.078433
135.390135
165.911628
214.69996
138.590415
165.733464
162.812196
143.569303
189.380185
152.479729
130.274379
158.836806
134.559279
150.665993
174.506372
160.199263
140.381839
150.686985
161.408507
134.041202
180.200727
169.688875
174.537112
166.212033
143.972544
162.550974
164.141472
164.828211
154.901754
162.837708
231.734528
148.9995
196.297746
163.591721
166.38168
183.124913
153.992517
164.952132
169.080718
127.725433
139.95
179.846573
157.876385
149.233081
148.286772
174.096574
170.792109
192.698181
160.642676
148.75762
206.315461
145.032594
131.831919
160.394874
154.163169
149.715822
135.010151
130.278024
165.901184
147.344394
145.527924
166.440348
157.42994
163.306977
170.707516
134.831351
187.966042
158.112032
133.031106
132.186275
144.438619
171.108463
172.745605
147.873766
154.45206
125.44221
163.931115
131.523961
196.953105
136.520993
130.872906
187.151046
139.113413
165.404191
135.763636
203.985913
128.81107
179.399324
166.684474
165.540908
124.819421
163.108177
157.800717
171.236895
140.80558
185.863765
165.514972
138.303707
154.338967
184.282502
140.69726
169.44486
175.945233
162.202144
157.159516
163.747222
141.95027
145.248089
152.892093
208.731538
154.950355
147.727414
156.257855
152.678917
152.244309
164.697334
172.658226
171.378782
132.112592
174.117603
150.131429
170.052052
144.940332
129.543706
148.087922
174.595771
148.946546
148.773157
149.171262
165.04509
147.046695
180.791703
124.330504
142.553436
146.63143
124.55585
152.901615
202.279915
172.27324
154.638654
136.17135
186.56039
158.515053
155.040632
169.340093
134.690814
0.175404
172.898908
160.257593
159.580217
130.337287
147.566978
148.08524
159.455556
161.819738
137.057756
200.366489
151.583678
152.553887
149.204728
190.831192
206.449247
142.763574
166.063112
185.697391
139.574565
173.539088
182.399881
144.166353
138.572591
175.401291
176.233118
166.745923
160.068366
146.102645
172.56212
133.771192
170.357099
173.314216
168.250396
137.343225
146.144301
135.76446
141.552735
130.33831
146.754981
146.248451
170.590525
145.2076
144.838916
134.671069
144.590979
157.935132
199.125081
122.347778
162.301739
185.145913
145.996673
162.572473
152.986207
145.045836
166.755348
162.015249
137.996046
135.39431
146.059175
171.788159
191.232157
162.58528
140.683474
174.425184
158.889833
151.977601
195.354232
137.214587
150.828546
126.926288
147.344864
145.097888
167.077722
135.29812
179.06872
170.310938
152.534904
132.911821
162.514013
143.44426
156.294343
176.076282
154.011629
118.822656
160.355767
115.526036
137.31613
172.097113
173.201698
159.223275
172.623156
218.236723
152.140263
206.503257
133.599633
164.194537
149.649037
128.37908
175.38315
146.156533
150.565456
174.993616
170.565252
146.895798
166.542132
168.872312
167.537071
138.575908
121.400106
152.130972
143.409533
178.896518
148.056053
145.442959
184.78122
167.227834
156.482468
149.782527
154.808648
201.176029
129.131838
173.029612
150.097136
168.816959
161.512349
144.253974
153.569971
157.71591
144.320826
175.806745
127.989117
153.566694
205.358672
188.32944
160.998445
179.991629
137.676989
146.977154
152.247461
146.687769
178.117497
158.972681
135.152278
146.354572
134.987535
155.272575
188.374586
196.314748
180.356522
149.903717
171.482889
165.570852
188.576184
185.971448
140.134114
157.238982
136.061868
149.420699
136.02206
165.510107
151.176355
161.391815
156.618441
182.951275
128.065933
136.973057
153.550355
157.152621
163.65873
160.120843
181.745578
157.529033
137.966531
164.225226
137.612008
138.750098
145.002516
173.590152
143.230951
157.867728
124.405092
161.497643
140.674759
158.537995
180.870516
181.588977
182.329706
143.329995
173.058834
184.88599
161.626243
175.492041
130.024002
173.096397
164.237345
140.219191
123.224223
150.011125
173.998919
149.709214
137.334746
136.067557
162.9258
167.384304
210.309768
139.296914
136.551881
171.844293
163.257994
149.429108
166.247669
174.73149
137.345913
176.758937
149.292075
185.486459
156.197441
136.183623
137.138651
156.280594
132.270336
179.253173
146.437125
146.212609
176.611265
129.46305
157.120431
144.080513
154.88277
165.392055
158.404261
138.75911
177.486388
0.071843
134.836017
139.59057
180.198438
170.232766
141.848028
178.155921
133.712266
134.908258
163.896397
161.562989
137.884079
153.495033
192.47256
175.742426
173.30097
170.266409
154.030813
162.539644
131.05146
144.008267
148.064436
166.81075
168.505393
153.088428
169.679547
136.130565
142.305338
135.830392
147.694053
152.552992
142.571961
128.768867
157.202091
175.851692
158.037337
130.779996
156.634251
183.803625
155.602275
171.921344
165.603233
141.601854
129.037672
142.973202
191.264605
170.366434
160.409685
155.429245
154.533447
155.865163
176.991361
136.314112
188.350143
159.685983
135.695789
187.13812
156.340531
145.279665
162.88302
172.8048
134.18739
133.920486
156.396389
126.160948
185.061883
150.013757
135.866218
156.755623
166.509103
171.27424
173.316733
167.836701
162.899498
160.943135
163.249837
199.194133
158.225618
137.989852
170.73753
166.671918
168.452671
142.523678
183.678135
161.254312
142.330254
165.059143
171.80104
158.210452
156.25963
158.700495
145.524016
146.898479
163.809071
146.951539
164.036002
160.327217
164.003375
154.817889
161.752271
148.47906
138.798402
148.282382
153.830656
152.850539
139.35662
139.851932
133.200913
145.056689
134.805903
148.863879
161.997017
186.035611
173.083105
196.717749
141.72076
180.088282
173.013962
133.375368
150.024371
167.768133
145.91699
155.809329
159.172723
154.714812
172.972643
147.479298
169.91205
139.340725
155.060112
131.067398
170.765327
161.820425
161.138078
159.888859
151.890004
152.705839
142.297371
131.768506
178.074794
170.819309
170.744009
155.428544
164.832226
141.682528
164.976465
165.116702
137.789066
146.03637
169.237819
150.391656
168.652271
139.3768
169.669729
159.062661
170.920024
170.751455
161.908114
144.448036
145.527307
149.189079
157.509885
162.13668
193.796609
167.038623
153.292196
175.515455
180.044977
140.289756
163.04896
181.095964
134.064036
190.87233
181.059423
0.10365
139.522272
152.560235
149.537528
156.751609
141.130143
178.358463
178.170176
164.024712
182.122731
130.750325
155.409807
170.007056
134.157354
131.839246
182.47456
159.020388
151.766122
192.417645
140.745422
135.079305
132.538262
195.811073
158.940245
172.104259
164.676135
145.404572
131.865005
185.107494
131.144959
207.886352
193.281427
205.41233
182.788917
140.821096
160.220419
139.599264
134.470795
164.638692
171.905544
139.207174
189.164081
151.23758
168.737469
172.935152
125.380808
163.251622
152.502882
0.347323
160.218959
142.829157
168.460487
154.204347
200.052213
149.394228
172.458242
148.248438
154.341187
137.261563
184.214066
184.37247
171.857589
144.96015
165.965632
145.02809
174.240079
179.385057
143.81006
182.239472
151.648143
136.422737
179.075253
157.853799
210.347518
155.942116
188.376614
150.825192
157.133147
141.981332
143.370913
150.066827
171.235681
152.20154
130.623652
126.826027
131.10911
189.175545
166.519086
154.135332
134.886378
130.949729
196.453333
131.866837
141.016415
134.548721
175.930847
144.568026
137.025847
174.81602
167.060011
181.551624
174.392051
176.013738
205.26487
162.618138
199.076137
140.309688
176.764762
178.288961
196.839643
157.59508
150.156827
146.767666
178.926995
150.775077
151.505318
176.33421
196.387414
134.150186
138.120443
164.498081
153.396911
156.415977
175.557703
0.081575
151.925437
148.091416
185.700822
168.192826
134.393344
148.083739
154.570276
140.788579
132.672954
136.087883
131.940617
142.272924
134.946214
131.940089
159.376537
177.908582
0.112207
167.747927
173.202751
163.644302
203.910146
211.378974
195.247745
131.552921
142.083379
138.826751
132.312159
173.087713
189.345908
152.834345
0.330838
159.677642
154.023763
168.477862
165.921625
146.685976
187.363581
146.271826
137.068059
144.188987
157.84652
192.902579
121.81726
167.142731
143.751353
165.080586
179.233265
140.629387
151.623304
184.102403
181.575059
187.631495
130.77576
158.650094
139.9414
173.424398
170.645557
153.84739
183.823838
207.663563
160.995238
176.469372
151.490386
155.962935
145.307179
169.227265
124.516776
123.927026
166.643884
133.9001
184.442902
150.835552
164.419726
189.390959
166.546789
143.376229
127.4542
149.051552
156.424429
179.316209
197.68884
153.049241
151.887108
188.367051
147.988549
161.346797
141.392152
134.659273
166.925753
162.825985
177.799234
180.776773
142.08449
167.299261
155.767117
151.797571
150.490869
153.345143
147.595684
173.737802
143.591941
154.29584
170.597005
165.080081
150.975255
147.450477
150.02315
182.572124
162.661351
155.934765
150.041744
134.56336
151.86037
152.025535
137.70307
159.454153
148.838654
169.677497
150.256002
194.369587
160.00147
141.9666
155.863103
188.784008
180.98648
182.212351
157.987802
136.654397
153.970104
160.740002
142.280307
154.359767
158.917275
156.358986
151.125104
182.242691
158.158706
150.09238
157.364091
155.424924
162.706524
146.629319
171.421407
148.655897
166.729175
147.476726
173.085701
156.584383
158.939545
192.118703
161.76891
168.426299
173.030901
136.657346
185.607857
150.220551
149.016157
126.161928
166.302062
148.671512
152.552935
159.592948
151.321303
194.154567
143.376249
157.065564
140.263413
144.961986
139.788158
136.571063
153.131469
139.419841
175.656062
156.241045
138.471506
154.270792
130.999895
136.419406
170.468112
157.01783
146.612824
166.959047
130.394175
145.216683
151.533546
134.385362
175.141366
152.022014
0.186103
149.040808
188.549405
179.480379
160.607961
154.843396
134.832681
180.332791
137.365617
182.607564
172.841949
156.537457
159.410118
134.594196
139.977753
146.03424
149.172581
157.464934
199.637541
167.774324
145.212826
169.918618
160.113369
171.901739
159.027876
130.656883
169.994264
162.867402
170.474573
174.618991
130.378049
175.878624
162.016455
150.354367
162.06857
141.640576
149.213779
130.201343
202.229984
178.0442
146.633685
131.552878
136.404177
162.269986
137.467884
168.876148
169.773791
170.527129
151.820701
207.031666
154.322197
170.427555
177.767991
151.428786
177.281758
142.379054
147.734435
160.149102
111.895815
159.361026
161.978373
147.347828
131.343433
166.914651
168.209564
159.184645
165.128285
169.788117
165.919934
159.8599
156.746154
188.919132
151.982418
132.438835
176.1653
174.577907
202.593331
177.639074
180.239091
148.951671
154.494634
174.619624
167.321677
144.332536
170.310655
175.960928
154.820598
140.198255
152.133464
174.437085
139.605351
161.708651
178.679643
146.54389
137.589366
166.120869
157.38421
161.226868
181.100691
160.298289
172.313651
140.156639
150.863968
149.025938
160.014756
150.308063
145.380088
151.65213
133.545975
172.848382
160.91172
161.460411
160.791739
129.214463
142.09415
144.376582
149.888829
154.333177
167.694804
171.139901
173.349611
146.467527
141.249835
169.555557
148.027278
178.211818
163.580173
145.715002
151.973066
143.75181
128.722932
177.341219
149.187795
127.405363
168.668263
151.25681
158.195511
162.114906
143.259083
146.92512
160.011231
0.103217
166.278321
166.403474
137.635058
176.057569
177.84407
140.740133
147.155115
139.332057
147.834043
141.256412
152.937078
153.82839
153.471118
149.996177
161.932566
189.45437
152.792465
148.319923
163.655052
172.457778
180.274773
134.248615
168.978527
130.347718
195.652547
140.270183
176.548482
157.222597
177.905534
157.833908
182.010483
170.024943
184.380071
145.284137
135.712506
153.901719
148.463424
164.661209
184.070671
166.210814
130.876243
124.288199
149.566662
146.763388
171.385529
131.152842
165.629248
158.779279
156.129897
207.95499
160.370824
163.43415
157.260203
174.389504
173.283889
141.546013
152.55269
162.84443
136.507496
167.899984
146.66944
171.105349
169.769102
140.402492
138.834904
147.960569
181.098675
156.663969
156.148846
142.712943
183.962245
154.004753
158.84412
157.156991
143.757971
154.986673
145.259179
159.712198
164.557692
165.766158
145.602666
137.918899
164.238454
146.696457
161.583628
166.509436
155.499598
158.717009
185.369991
162.853032
183.263712
164.190392
135.056049
160.97646
158.532901
143.177413
152.724507
140.699865
154.643214
134.582241
174.169149
134.319731
168.776264
156.415077
133.61286
161.256509
142.169056
186.674675
144.756517
158.764769
163.36347
143.86688
142.828719
184.991428
198.058316
158.989564
137.164993
152.336496
165.644364
131.497969
150.485662
169.606689
162.858288
0.192932
149.189911
131.41311
147.232073
154.503646
153.439107
165.744419
127.818388
153.69674
183.515001
150.183378
191.98241
158.402481
160.288561
153.835421
123.664928
147.970523
150.464933
168.055043
143.303587
194.91459
166.220568
153.551833
180.280964
149.745821
137.434033
161.533622
163.476834
157.811413
148.112791
174.639918
147.687464
170.09941
128.929219
139.170692
137.159005
174.053383
146.967141
172.455385
150.220738
153.459823
162.44454
144.183029
152.621848
148.448388
180.81715
161.041276
144.395283
158.00131
151.189145
136.192722
138.419059
195.568304
180.696599
189.202571
172.835515
139.33923
186.33629
149.520379
160.901978
175.272707
148.342123
126.625907
162.158254
169.968908
158.107487
287.344889
150.817557
176.142768
153.325899
158.424995
152.433332
144.395848
141.651463
174.999969
150.56778
132.646365
138.413133
132.242506
148.187174
151.509227
136.218354
177.280273
181.2104
177.182274
153.991512
148.700419
141.807695
193.286998
152.774791
217.960713
137.890198
154.616181
145.171033
154.620604
152.594902
126.669329
169.199215
128.379674
156.691453
0.21086
126.11517
160.681187
194.526097
161.863396
162.268105
0.122252
0.577669
163.619487
