12.193639
1.845986
1.936431
1.306375
2.930663
1.228467
2.13918
0.633831
0.725482
1.453507
0.652521
1.373936
1.464377
0.808102
0.59289
2.219737
1.391442
1.407156
1.042425
0.580922
1.672877
1.280236
0.623427
2.740901
0.570849
1.397343
1.089242
0.62032
0.796822
0.795043
1.140936
0.598599
0.424814
0.749771
1.705337
1.062109
1.935901
0.60707
0.353554
0.648399
1.558023
0.873628
1.073847
0.69165
0.811929
0.673403
2.312437
0.38689
2.006784
0.481641
3.007689
0.463139
1.754208
0.412033
0.232222
0.624373
0.975734
1.064106
0.270738
1.257914
0.847636
0.323933
0.857144
0.704108
0.92794
1.183625
0.441519
0.426812
1.111434
0.94454
0.509058
0.508391
2.561218
0.721967
1.653066
0.862778
1.011267
1.006254
1.758869
0.549612
1.417909
1.421136
0.986047
0.708766
1.200324
0.610906
0.372649
0.318038
0.487673
1.95756
1.025544
1.143204
0.688641
0.590335
1.127835
1.576116
1.203049
1.077868
1.850288
1.11676
0.458124
0.718
0.697472
0.943838
1.696519
1.055026
1.090822
1.296997
0.348851
1.536415
0.432873
0.624388
0.861606
1.122426
1.29688
0.624376
0.448401
0.306706
0.683703
0.577454
1.447925
0.687823
1.328219
0.988643
2.028849
1.252934
0.416326
0.62298
0.865704
1.308084
0.942777
0.562641
0.65072
1.615621
0.968615
0.569585
0.456437
0.426149
0.611317
1.675149
0.915438
1.529532
0.671801
1.391725
0.345732
0.792738
1.215936
0.369009
1.875173
0.755781
1.37741
1.060912
0.849468
3.065422
0.764038
1.0305
0.618231
0.413933
0.617587
0.703838
0.41579
1.787766
0.566148
1.387998
0.724616
0.50126
0.502028
0.563667
0.315966
0.963169
1.121783
0.963495
1.133024
0.84325
0.430386
0.84616
0.757059
1.368471
0.651519
0.789336
0.96809
0.617129
1.198263
0.819984
1.256068
1.865842
1.272117
1.069706
0.398888
0.696445
0.565173
0.675041
0.414757
0.543627
0.382043
0.674334
0.580977
0.759738
0.936375
2.943977
0.662283
0.750469
0.533658
0.526343
2.109904
0.719302
1.136123
0.530043
1.026216
0.731092
0.901363
1.414585
0.839878
0.669567
0.600535
1.101414
0.816763
0.79353
0.667695
0.480218
1.241801
1.247745
1.18454
0.734169
0.888065
1.013653
1.087903
0.772827
0.246968
0.505908
1.436892
0.659866
1.072775
0.715003
0.993197
1.242774
0.61522
0.68293
1.894438
0.7297
1.933358
1.280171
0.576746
2.752074
0.398973
0.607388
0.339338
0.756552
0.731789
0.569371
0.90598
1.406016
0.893059
0.926447
0.587798
1.442185
0.724969
0.986015
0.418821
0.357379
1.162314
0.672427
0.306544
1.53862
0.914452
0.638395
0.675603
0.781391
0.496659
1.144435
0.669799
2.225385
1.217291
0.307078
2.454813
1.951432
0.578288
0.260756
0.759312
0.417981
1.431697
1.268984
0.599016
0.944237
0.882729
0.652049
0.581575
2.078084
1.393319
0.813448
0.495685
0.866994
0.283757
0.705343
0.723734
1.4148
0.62316
0.597872
0.700636
0.715855
0.511084
1.676642
0.508984
0.630795
1.006875
0.672405
0.546289
0.999235
0.380697
1.023843
0.407942
0.349402
0.964394
0.924947
0.667692
1.458371
1.085272
1.54382
1.239861
0.626988
0.34249
0.316228
0.72205
0.550662
0.522073
0.512014
0.664154
0.399454
0.663371
0.431076
1.236037
0.281943
1.153373
1.653564
0.769269
1.74446
1.106903
1.231195
0.644587
0.404881
1.384022
1.015142
1.4059
0.469372
0.753614
0.898634
0.694556
0.493697
0.383225
0.604014
0.749131
0.505705
0.861684
2.004318
3.148212
0.401586
0.417532
0.512568
1.34392
0.837846
0.69312
0.713521
0.441612
0.806822
1.132567
0.959563
0.561719
1.020169
0.403148
1.673877
1.125542
1.525515
0.73297
0.334146
0.962932
1.029469
0.573015
0.826999
1.925234
1.000083
1.588756
0.949766
0.447766
0.35901
0.809978
1.242626
0.882145
1.061902
0.293258
1.915629
0.878064
1.712583
1.555961
0.292245
0.681659
0.573313
0.914081
0.267751
0.684648
1.372025
1.527406
0.44789
0.976052
0.674188
0.806606
0.534271
1.408466
0.450169
1.333226
0.8895
1.421579
0.398218
1.258651
0.980078
1.213622
0.452819
1.159355
0.879037
1.6166
0.651539
0.522462
0.451588
0.813289
0.851958
1.862274
0.513406
1.514446
1.019751
0.612227
0.257391
1.041431
1.018755
1.028806
0.688652
1.044461
0.373306
0.775921
1.177058
0.506949
1.373508
0.877074
1.755373
0.910794
0.34461
0.284263
0.483979
0.320485
0.614844
0.76711
1.057317
0.964973
0.413218
0.656701
0.663489
1.978825
0.891736
0.432137
0.824566
1.58308
0.681763
1.042518
0.642186
0.487395
0.960219
1.080821
1.024796
0.962579
4.270108
0.937989
1.10497
0.255952
0.728022
0.705115
1.073914
1.150887
1.987629
0.976778
1.751427
0.423497
0.666443
3.220862
1.745082
1.851118
1.895517
1.249954
0.625876
0.951128
0.845228
1.238097
1.781084
0.404928
0.232535
0.697462
0.407552
1.733261
0.787096
1.130918
1.059812
0.385131
0.717127
0.840831
0.370901
1.216227
0.917808
0.633975
0.779072
0.515438
0.280644
0.58511
0.259223
0.482311
0.709411
0.377979
0.687954
0.851249
1.113433
0.743282
1.610219
1.338099
0.525379
1.160287
1.293705
0.844412
0.701548
0.426453
0.808283
1.492104
1.163577
0.604158
1.11324
0.548604
0.697549
0.724292
0.960787
1.087856
0.662363
0.528373
0.284771
0.748094
1.30562
1.065417
0.724089
1.326549
0.298202
0.59434
0.77094
1.328266
0.496008
0.394196
0.628451
1.127433
1.517868
0.811551
0.920821
1.667887
2.014229
0.728198
1.800845
0.61618
1.905122
1.167373
0.38896
0.513353
1.189721
0.86552
1.422989
0.80357
0.61717
2.086893
0.450082
1.585489
1.172056
0.278847
1.557407
0.644683
0.739726
0.862481
1.036689
0.930209
1.423348
0.854924
1.597248
0.387273
0.535115
0.65755
0.916816
0.532718
1.091846
0.96697
1.266467
0.810217
0.790353
1.339651
0.788489
0.403913
0.299456
0.933186
2.735295
1.437257
2.646988
0.41706
1.139434
0.71047
0.616326
1.56784
0.791406
1.017442
1.400862
1.169007
1.054725
0.926703
1.125603
1.051567
0.983827
1.206656
0.499592
1.04726
0.446004
0.45318
0.421148
0.491218
0.680745
0.487966
0.492063
0.463492
0.271016
0.402132
0.929894
0.695408
1.691017
0.824531
0.62574
1.604032
1.105188
1.428533
0.825388
0.642341
0.856045
0.818779
0.329479
0.596768
0.746721
0.377497
1.645103
0.741732
1.094308
1.433354
0.803694
0.821498
0.244497
1.026764
0.628851
1.105471
0.571994
0.734194
0.779383
0.585623
0.254891
2.217689
0.767749
3.648512
0.418363
0.861466
0.558056
0.415949
0.710104
0.390965
2.262265
0.792847
0.794243
1.363445
0.320173
3.437779
0.474057
0.595585
0.687021
0.839931
1.416471
0.519796
2.716124
0.418275
0.64564
0.815819
0.822518
0.501083
0.748464
1.235755
0.549423
2.041269
1.949568
1.694444
0.94305
0.673516
0.233244
0.62567
0.561943
1.006745
0.476357
1.01988
0.538718
1.115633
1.344988
0.752798
0.46129
1.087668
1.064943
1.563777
1.654813
2.073227
0.831219
1.433646
1.062499
0.916044
1.720232
0.534187
0.709731
1.388625
0.969661
0.687259
0.430393
1.140714
0.750156
0.427288
0.772064
0.347679
0.323516
0.651157
0.500542
0.974081
0.593163
0.700406
0.86797
1.182533
0.569497
0.75447
1.321488
1.015658
1.437018
1.773231
0.820732
1.806982
1.060936
1.572498
0.503818
0.708802
0.877635
0.702942
0.435183
0.46019
1.215735
0.666074
1.00207
0.524047
0.485732
0.58937
0.54742
0.946029
1.393209
0.420718
0.270056
0.862837
0.633657
0.585204
0.679321
1.624886
0.989808
0.365802
0.727018
0.661533
0.781497
0.76218
1.486466
1.289595
0.615707
0.774722
1.122646
2.304798
0.75192
1.042363
1.496422
0.342135
2.619286
0.806754
1.513562
0.778397
1.057158
0.643872
1.123718
0.576805
0.47792
0.580613
0.558311
1.662057
1.079885
0.765023
2.157253
0.775378
0.320583
0.508695
0.737473
0.746091
0.558215
0.627739
1.154229
0.834723
0.630443
1.010955
0.93896
0.948438
0.926777
1.147473
0.673801
1.57168
0.38122
0.552579
0.873658
0.472967
0.377802
1.799074
0.776709
1.429783
1.812824
1.726829
0.516524
0.711267
1.000243
2.435096
1.460815
0.634099
0.83903
2.620105
0.25799
0.310744
0.324474
0.792442
0.652599
1.90571
0.489913
0.939329
0.749441
0.592437
0.698926
1.196774
2.241401
0.443723
0.492551
0.908286
1.076743
0.748829
0.728762
1.139568
1.105662
0.233472
1.906528
0.377072
0.393113
0.401999
2.022498
0.63335
1.375634
0.2646
1.822431
0.906104
1.05302
0.630067
1.248071
1.73924
1.01492
0.403022
0.659496
0.569857
0.484295
2.44037
0.484935
0.67097
0.948
1.355608
2.12012
0.510527
0.756562
1.571047
0.731645
0.870209
1.478357
0.308966
0.812919
0.731351
0.489499
1.783611
0.313958
1.115519
1.111441
0.837532
0.621931
1.315999
0.81547
1.618151
0.609084
1.492027
0.587425
0.334564
0.767726
0.669608
0.497767
0.690228
0.690478
0.276239
0.966554
1.097189
2.263425
0.485476
0.842441
0.241775
1.018523
0.354599
0.932347
0.738099
0.96001
0.882662
0.819955
0.495541
1.733311
1.850059
0.66738
0.53104
0.942542
0.675585
1.095068
1.750796
0.777775
0.461187
0.8111
1.001607
0.891307
0.749909
1.99199
1.17146
0.88533
1.002709
1.142225
0.379901
0.919706
0.506379
0.573369
0.744828
1.346472
1.018419
0.769396
1.082188
0.89193
0.630461
0.652857
0.652251
0.965637
0.526301
0.935009
0.397997
0.473004
0.77385
0.428338
1.665524
1.002111
0.52541
0.409668
0.991824
1.328315
2.280022
1.388299
1.864722
1.850967
1.179694
0.615783
1.088334
0.425088
0.858924
0.604745
0.853597
0.574685
1.840816
1.05712
0.9231
0.722201
1.495582
0.444882
0.946443
0.967428
0.517224
0.932444
1.162963
1.262596
1.850416
0.834467
0.797513
1.739992
1.250501
2.15119
0.794965
0.660601
1.078886
0.407653
0.553516
0.719809
0.60257
0.925342
0.428332
0.733846
0.415827
0.366429
0.722725
0.675774
0.865859
0.861942
1.854098
0.955092
0.63177
1.141262
0.714369
0.888381
0.55303
0.730286
0.925466
0.624592
0.63995
1.150186
0.990176
0.534102
0.475315
1.547262
0.942214
1.565875
0.839897
0.978107
1.382305
0.882642
0.942364
0.971274
0.429367
0.411527
0.490037
0.850817
0.385517
1.497216
0.414201
0.685664
0.824463
0.44895
0.878961
0.520046
1.475036
0.901695
0.458321
0.683643
2.872855
1.386605
1.119057
1.458522
0.788909
0.637959
0.67179
0.68771
0.855107
1.559295
1.11665
2.01244
1.274601
1.623819
0.360917
1.767452
0.795999
0.544617
1.075577
0.523958
0.596606
0.528599
2.076977
0.888455
0.756034
0.291383
1.379645
1.536575
0.479204
0.53661
0.657173
1.318917
0.383051
0.699564
1.626021
0.482194
0.991042
0.478788
1.103529
0.567806
1.287267
1.956847
1.922054
0.899017
0.713899
1.4431
1.878608
0.953428
0.470484
1.021708
1.794206
0.980135
0.532026
1.069003
0.208408
0.621369
1.66296
0.413357
0.656969
0.383593
0.43349
1.231542
1.003324
1.049403
0.837487
0.342305
0.897719
1.162211
0.666155
1.26506
1.179951
1.229711
0.827027
1.614536
0.619633
1.582305
0.573863
0.772638
0.98189
0.372229
0.315957
0.913756
0.743533
0.70395
0.837443
0.787799
0.508359
0.878537
0.639022
0.862356
1.194805
0.560011
1.110766
1.366019
0.483998
4.672011
0.693352
1.009612
0.952992
0.361141
0.704865
0.560309
1.26308
1.325665
0.501925
0.649963
0.78121
0.822783
1.274508
0.402768
0.90864
1.384903
0.993637
0.683939
0.533463
1.102141
0.70307
0.25372
0.485185
0.444627
1.665236
1.635798
0.545403
2.485459
1.029801
0.77991
0.963021
0.787111
2.303469
0.298388
2.529381
1.097252
0.473873
0.920219
1.021588
0.44843
0.627234
0.720128
1.207157
0.83252
0.824056
0.972762
0.828558
1.033589
0.456561
1.519008
1.183225
1.099862
1.679691
0.407853
0.490121
0.841169
2.502448
1.158977
1.264443
0.28143
0.534087
1.061736
0.279492
1.488423
0.475232
0.521491
0.590093
1.306131
1.143006
0.514629
1.484132
1.962565
0.469739
0.84747
0.678073
0.659521
0.496107
2.433303
2.236881
0.287581
0.669909
0.549117
0.7613
0.676154
1.431586
0.785888
1.897193
0.662773
1.46706
0.888723
0.505401
0.459587
1.126386
0.748424
0.825793
1.422209
0.810716
1.149925
0.923759
0.527747
1.077616
1.299297
1.230886
1.183406
0.516375
0.631098
1.574559
0.48786
0.668188
1.076989
0.749071
0.787161
1.294107
0.390878
1.94782
0.253722
1.030744
0.678334
1.304769
0.777025
0.392825
1.110793
1.325672
0.304354
0.357164
0.81516
0.730136
1.170199
0.565009
0.460656
2.321536
2.22861
0.617985
0.694805
1.241197
1.315073
3.56653
0.507893
0.449304
0.40732
1.493009
0.583654
0.308997
1.073477
0.811827
1.100128
0.547093
0.777988
0.555648
0.696359
0.431213
0.70998
1.103098
0.265412
1.16322
0.338934
0.831701
0.39034
1.886
0.609928
0.474597
0.407398
1.649063
0.550661
0.373742
0.825904
0.657796
1.06789
1.255666
0.814742
0.906013
1.283518
0.507737
0.596144
0.300273
1.926651
1.071099
0.919783
0.537671
0.836912
0.822886
1.208542
0.340433
1.611354
0.780922
0.960212
1.241224
1.239231
1.034726
0.946844
0.41551
0.598712
0.442541
0.599574
0.252842
0.275464
1.0601
0.744448
0.696258
0.641791
0.506641
1.155506
0.770957
0.784816
0.97818
0.620033
0.503033
1.081843
0.850533
0.839356
0.808136
0.275199
1.783119
1.439741
1.172816
0.697855
0.234684
1.092039
0.735728
0.487443
0.347894
0.488208
1.073534
1.314049
0.934454
0.487608
1.370421
1.095672
1.140238
0.723219
1.526973
1.014577
0.439911
0.66669
1.042716
0.728956
0.708595
1.804105
0.831267
0.783611
1.284353
1.15933
0.411184
0.970333
0.438444
0.784594
1.218066
0.584056
1.271277
1.560687
0.531827
0.488527
0.823991
0.899852
0.478928
0.434281
0.838116
1.065787
1.083461
0.378113
0.690715
1.253978
1.227688
0.855148
0.613961
0.759543
0.929598
0.778431
0.302309
1.660518
0.950473
0.784636
0.501836
0.390412
0.403393
1.699913
1.129757
0.623876
1.067689
1.337369
0.725347
0.659347
0.463827
0.980888
1.267079
0.535532
1.205569
0.982241
1.147352
0.436422
0.752245
1.285906
0.416397
0.787462
0.626989
1.221973
1.925989
0.378463
1.853203
0.697267
0.881147
0.592814
1.974791
0.370717
0.685694
0.628744
1.260356
2.498354
0.890848
0.916702
0.703667
2.096565
0.316023
0.550864
0.855068
1.996693
0.603734
0.53589
0.281692
0.756115
0.887072
1.111187
0.334927
0.632217
0.53237
1.390878
1.233185
0.940931
0.625435
0.377742
1.137972
1.123725
0.64967
0.407076
0.378479
0.743697
1.230403
2.721869
0.475521
1.017956
1.617228
0.530529
0.652715
2.277728
1.441439
0.444324
0.742914
0.89248
2.007652
0.273736
1.206997
0.546307
0.498438
0.995415
0.412766
0.67157
1.502715
1.261958
0.434602
0.708689
0.899361
0.695536
0.9115
0.681841
1.257042
0.831323
0.324277
0.418151
0.729798
0.858848
0.283669
0.746824
0.419792
0.834535
0.496509
0.453572
0.864565
0.925099
1.217505
1.310338
1.115022
1.04011
2.411
0.693634
0.520177
0.465774
0.26526
0.391222
1.293115
0.581568
1.291503
0.858815
0.784583
1.020995
0.619191
0.406054
1.63017
0.823216
1.53075
1.314158
1.558195
1.492058
1.236133
1.217741
1.150563
0.950459
1.740603
0.770996
0.767208
0.453404
0.674282
0.328503
2.580055
1.008158
0.988726
0.863733
0.410191
0.252678
0.527751
0.50433
0.584359
1.064047
3.245297
1.317968
1.040858
0.913029
0.954925
1.210541
2.86401
1.049694
0.404211
1.482496
0.587504
0.734011
1.522846
0.798708
0.518038
0.478438
1.287534
2.028793
0.820708
0.585156
0.695347
1.384235
1.429552
0.332916
0.355685
0.375166
0.644041
0.984168
0.821483
1.48629
0.455472
0.628894
0.610762
0.472627
0.77242
0.393057
0.324812
0.288653
1.567458
3.042472
0.42
0.512392
1.02319
0.765489
1.383334
2.118847
1.026874
1.798719
0.548328
1.498997
3.714923
2.027416
0.513656
0.728299
1.275735
0.688648
0.543819
1.268628
0.758548
0.601977
0.705253
1.101262
1.318196
1.455875
0.392652
0.980806
1.000209
0.91013
0.776929
1.301004
1.778084
0.384859
1.032486
0.303687
0.894518
0.541655
2.209949
1.078653
0.846838
1.235688
0.466893
0.690765
0.833616
0.816911
0.465019
0.262547
1.055869
1.193784
1.3985
0.616364
0.567094
1.3158
0.441352
1.191351
