188.35496
124.168237
144.626387
137.680147
133.443656
127.111312
110.345595
170.232143
172.572298
121.874653
124.422811
129.285102
111.357246
117.431411
112.584878
175.37184
126.653275
110.715085
129.620633
139.468856
109.986445
123.522727
127.62363
145.922479
112.742945
144.453088
115.079401
145.02313
139.659589
136.847799
106.217326
129.736612
122.937931
134.519462
140.781164
114.840191
147.184287
114.096393
129.363146
124.148391
135.65709
118.209309
121.202897
128.837055
138.79718
109.436548
132.007786
107.323745
127.408978
112.206489
124.174982
119.115836
120.385638
128.05719
138.956573
141.893961
139.455795
130.773729
134.255652
128.574307
126.172022
117.145101
142.107403
129.298052
128.178591
137.389047
129.091517
109.919173
134.000826
124.816017
107.883303
125.876611
122.036723
130.331313
118.184132
147.3604
140.192388
134.949598
112.571106
133.870937
126.336527
124.588334
132.114313
109.463398
154.26631
116.36815
111.702459
148.48061
132.965637
112.920174
125.576322
113.569402
140.080697
138.04036
130.189231
120.873558
112.356098
114.127554
119.430926
108.054057
129.893799
117.432042
123.641183
121.403726
142.741823
153.981148
119.596672
123.675218
124.048321
131.990316
116.343616
153.318558
120.746232
142.151308
124.447107
116.355323
115.603911
120.23135
130.891933
125.89298
146.523291
109.211232
136.762983
114.266761
144.660035
125.594485
133.327904
129.330561
118.29704
136.125308
118.854694
128.58083
113.961369
141.91939
155.050463
116.524945
122.096203
117.425663
110.282271
115.007101
141.989912
134.540913
124.397675
120.443929
143.698656
127.147507
120.688519
116.73572
121.381379
131.154817
120.424219
122.831377
132.496866
123.166574
143.489835
130.575172
125.156446
130.144406
130.342512
126.70039
128.742986
127.077394
124.525541
124.88149
142.35481
131.927429
116.677207
113.615997
118.244255
121.747039
108.777538
123.730191
110.688925
119.603697
133.809084
109.074607
119.520877
105.272252
128.214311
131.090702
133.650652
129.775039
118.213603
125.281668
123.447879
135.971472
122.396704
133.487965
140.622333
126.316474
135.44834
132.294975
125.715178
131.985894
119.032372
133.734568
113.910457
114.077931
121.680592
117.996413
153.284954
113.264961
128.827334
129.771544
137.959783
117.010053
114.195152
138.886195
119.611226
135.280255
146.463991
131.87449
129.474544
142.385333
130.479403
112.363809
128.898957
131.007245
0.394073
157.098936
118.069598
133.518773
118.600096
128.61274
122.864426
142.787643
136.287567
126.356322
133.922029
120.220471
115.97694
134.671242
123.647122
133.784569
106.567759
139.679282
127.838776
108.648378
129.873045
127.117868
120.547341
123.466521
123.17628
146.46079
133.366164
123.218005
0.176675
127.193118
114.845752
112.7838
115.732406
150.132315
109.161574
145.227327
131.790085
126.71862
138.252832
123.577284
125.800655
118.80251
131.792776
134.828002
115.046859
123.021838
135.394706
124.356034
128.560891
125.768675
105.179097
144.053381
113.639868
112.696579
129.728047
119.364551
125.00468
133.758184
140.848604
133.319379
139.217768
113.028839
117.504943
145.847305
155.033586
136.770423
115.595172
114.330709
0.396344
127.280259
114.569511
121.068335
118.884311
139.541808
120.024802
116.221858
138.628421
142.329594
142.58143
128.678221
124.688574
112.439389
124.709898
133.629638
130.964773
143.015145
117.218709
119.103135
136.239422
142.859884
107.010287
119.026848
128.331825
179.867231
111.189799
122.163486
138.86386
130.143876
126.151889
112.710602
143.823189
124.79513
128.382391
125.073453
110.300928
133.816315
131.498181
124.056511
110.059226
129.164505
127.251293
143.817532
135.209381
111.431425
128.791317
140.165196
128.745782
112.605226
127.32669
120.235103
124.048712
135.213794
121.090773
112.084732
123.216605
160.418193
114.322089
130.125747
140.815053
114.616275
130.97584
125.034592
145.696554
127.275603
118.92675
129.119364
118.497956
111.923483
125.644168
114.64321
130.290855
114.972818
141.908803
124.712729
114.954132
140.092062
127.66505
142.461897
134.817947
115.099912
134.981145
117.348669
114.209136
116.483176
126.122914
109.531748
135.503158
117.802371
112.125655
112.954248
113.324594
123.097486
133.596365
129.410735
135.412043
113.876497
116.625697
111.609734
133.171805
117.775954
0.193446
123.257893
129.638283
136.724079
138.512553
142.93377
112.526838
151.291726
118.324172
120.977766
134.652672
140.87273
116.833577
143.667031
111.328896
127.110019
117.163118
131.495507
140.025171
128.669163
113.516357
144.371758
147.957469
109.015805
121.241711
141.280152
133.050446
125.981613
137.536895
127.827391
114.338149
122.390006
122.183396
124.748977
117.890974
122.567524
145.912384
126.021038
125.626822
130.536696
113.192485
128.756146
124.444682
110.465731
113.881162
129.866931
119.626232
131.298312
131.701046
124.72301
130.115231
124.618671
109.446502
129.86836
106.50561
114.906548
138.420201
123.234529
138.096437
126.427819
129.826925
118.602692
128.529713
122.134119
136.831496
117.449672
120.874491
118.309473
136.535519
125.822265
144.687043
109.276112
125.602919
123.96723
136.656581
140.750111
120.65627
130.816501
114.407293
130.649452
106.934058
139.406887
136.833598
134.161459
152.766317
119.569749
130.263792
112.341631
133.231414
137.103229
138.263879
129.771489
127.432632
126.937151
132.375476
143.756328
134.259137
122.75132
115.143334
107.929419
118.50914
115.590479
116.383401
129.160486
122.428755
139.933981
131.059364
128.346616
141.389213
139.792634
122.839574
137.666297
159.029948
137.132255
126.352934
122.576519
151.11707
141.261035
122.264241
137.24995
110.716711
119.894196
105.145753
114.86429
134.736201
109.946967
125.9712
119.583761
135.709472
120.346332
132.610504
118.255043
110.292887
135.161659
137.452128
114.433892
112.080762
130.812585
133.927239
128.801016
116.047298
128.911817
132.666659
127.937057
117.259068
124.462905
119.172767
144.70547
125.009898
141.142584
125.037594
134.908888
105.629122
139.708754
152.384706
126.646242
124.664369
128.908785
109.728821
120.346246
126.446768
111.554717
127.873691
139.780179
117.216719
124.899055
111.494015
135.436871
128.687081
107.490426
141.010334
125.26632
121.760774
125.300741
133.394347
128.514004
116.759477
130.818243
136.93241
133.240032
120.778042
0.070361
125.863025
111.254224
130.052386
110.680228
137.440008
115.668705
110.665354
126.265125
159.661422
112.919519
119.195683
133.782529
126.255565
115.807612
132.390874
152.6901
117.325146
125.751992
113.499233
125.480139
120.752405
115.402185
136.127651
114.22608
113.811375
123.313098
131.4314
110.987181
114.126304
126.362515
137.067668
142.929168
127.66768
149.823025
129.700817
139.307285
109.754341
134.137952
143.250807
129.913776
115.694511
116.726397
118.069034
116.412216
121.061883
140.445643
125.831865
129.959313
142.793716
116.257284
111.368773
127.842133
139.104547
122.711331
126.517009
128.401086
122.010495
124.893862
114.332557
121.123506
135.272377
128.927987
128.5671
133.001734
140.703672
132.871795
143.106375
131.234027
141.186623
123.584371
115.80431
134.253641
136.663847
129.97976
129.67802
137.474476
115.947678
144.485493
108.685275
114.628289
129.492058
135.608246
110.105408
128.819509
122.12726
134.563105
130.800377
112.665898
134.51646
132.096987
111.74685
109.076395
134.980173
136.043341
117.458386
142.878491
134.564577
116.823937
124.854658
135.897423
126.705081
118.81954
134.004785
120.14567
128.052819
138.178867
117.447757
113.766282
129.874452
135.728883
127.792637
133.562545
138.692754
133.133525
137.235682
132.875521
129.660317
132.726854
111.536995
124.882741
107.926089
117.799054
139.107922
132.933406
132.396244
128.340197
112.548084
121.825326
118.191436
109.038371
135.878982
120.762634
111.604873
110.173249
130.981123
119.832988
121.356769
113.939649
112.015006
117.79695
115.988058
137.848773
106.753598
125.433839
120.725984
127.058196
151.805602
132.636665
135.005622
126.765927
138.483118
132.58171
118.090842
137.648629
116.860115
131.921002
119.214755
121.513863
116.197552
137.351474
110.252556
130.164857
137.113147
110.25782
120.899405
120.947964
124.747194
107.73877
116.557902
124.199602
134.148777
108.299988
125.578713
104.249011
107.986828
120.417096
116.106333
140.105005
125.646578
140.939131
126.470956
119.489912
129.985115
124.195683
109.927271
118.060138
135.91828
122.902742
121.230593
120.218058
129.878975
123.910518
121.316128
144.904621
122.315891
123.072133
129.658809
124.537044
112.183842
132.137812
129.586911
127.707018
119.245023
117.425171
128.546668
133.073482
117.405987
121.92319
111.109426
128.334708
133.816781
109.331854
131.709168
141.648577
114.030137
123.488126
130.205174
131.171326
128.201667
118.177358
134.48096
127.594616
123.570925
125.226993
114.641138
108.848279
114.96055
108.678897
128.57248
127.906152
123.252467
106.43709
134.408422
0.158343
122.87119
115.734794
107.305057
127.930971
143.474266
131.624248
137.952446
120.36065
123.440697
136.023458
129.432825
130.202315
122.855275
126.264717
137.320138
139.62651
125.245631
124.089783
140.256961
126.098221
111.753202
118.841968
139.097838
120.598167
129.447025
142.990688
138.886571
118.114778
111.260342
124.472832
106.985664
113.945973
117.847894
125.766847
132.129298
124.684522
119.657276
120.371019
121.568215
135.168123
128.735169
145.326884
137.625784
130.778105
113.028668
137.073797
119.31324
135.584648
140.060407
138.260531
123.426219
124.094829
120.717851
114.208817
113.371505
110.40602
124.116863
161.306706
131.796383
135.211321
115.048545
123.018973
107.828238
130.458531
131.03972
114.464713
127.803216
127.716764
116.025607
126.087109
125.334914
127.119604
148.989241
106.995316
120.76697
123.59224
114.352176
128.705251
131.768117
113.976645
114.570793
130.791747
129.840508
114.902166
116.079794
127.912549
117.144032
131.237899
130.696147
120.862446
114.23792
137.770677
128.101524
124.855339
138.347861
126.583961
108.324368
114.508951
140.774943
117.184367
122.794846
132.630555
140.190255
128.554288
132.019993
115.542463
126.63417
120.63938
125.333586
146.176636
121.835129
128.768641
132.439173
119.248116
120.175443
146.926115
129.120863
127.122354
109.394961
122.71562
120.252952
134.902294
114.269643
128.295754
127.273619
113.900059
122.653431
126.716991
130.608726
126.023475
125.812693
107.97701
120.954663
119.554326
136.572055
143.862334
115.329723
117.122252
120.955663
141.517317
133.725853
142.608272
126.877364
132.25327
141.915874
133.776999
185.61793
118.144735
131.564318
116.305158
120.592054
128.895917
115.152294
106.227655
125.341172
136.867355
143.291828
114.337247
144.175846
119.560618
134.632082
141.900518
132.993189
154.705204
114.228228
113.751689
132.087231
125.002339
117.310853
122.397673
117.783914
109.999444
136.943933
0.478141
112.820952
127.528994
125.988577
111.35857
142.372665
123.981592
119.069335
115.6985
120.586701
142.661366
148.415008
132.921201
115.288557
118.848068
129.43337
129.396034
125.099921
129.693055
129.736647
118.463366
122.213653
113.084356
111.338567
120.011563
117.900541
137.085767
120.051072
129.527558
120.452537
125.967049
128.149962
116.530235
134.421516
132.48957
117.371219
135.066246
115.152419
136.940921
124.292012
107.498085
118.358577
114.761378
107.62104
132.112556
141.955033
110.498124
122.849173
0.399597
115.215922
103.881137
117.504865
118.976846
127.51435
116.020742
130.905145
134.450004
131.462414
129.398163
131.540177
109.301032
119.181349
134.675497
121.650448
122.577122
131.296819
137.770239
123.51927
115.060224
130.584707
110.267476
138.978766
133.160674
146.271238
111.221423
116.421507
126.685897
147.44917
113.139567
115.105491
135.090533
139.06449
131.861359
136.250742
148.08087
125.048349
137.284647
122.344567
137.086459
136.296226
123.500141
114.870625
123.028015
133.838034
134.093532
129.790693
122.629753
117.721078
124.320299
130.211269
134.099359
140.757867
133.386306
110.898972
130.501096
127.902824
116.849831
140.52983
109.363324
128.44668
120.31341
128.379952
112.40298
127.915449
107.495667
136.223046
121.159907
140.635418
105.765536
125.145287
131.265443
124.741176
128.245962
129.643055
0.112079
141.151077
124.009022
112.875263
110.861316
144.838201
108.37074
120.788308
130.273561
118.8591
122.542898
127.638109
111.420848
148.094607
123.627946
130.163449
132.969381
0.275268
128.272976
108.825124
132.517453
119.322381
129.837765
109.016623
108.511571
110.447437
129.98294
129.119378
115.456714
112.987381
133.596589
0.292907
134.097823
134.120837
124.332421
161.427117
117.393712
124.50066
132.986514
114.046959
127.225514
121.468001
107.483968
116.650754
121.332329
126.920342
121.64837
136.917932
121.226985
115.665659
134.528917
113.425917
143.527742
124.778932
128.177068
112.657177
142.385871
134.62384
126.689874
131.000384
124.210979
118.919453
140.831053
109.136927
118.023311
122.802022
142.763885
123.205323
149.305461
141.049141
130.761766
124.051835
116.723912
138.191529
147.683348
136.045163
126.345386
121.161307
116.890451
142.636471
122.186821
134.163309
116.716823
127.277935
117.141223
138.626113
107.246983
115.577127
129.970382
119.957294
130.405816
143.535367
130.573325
110.022937
120.207416
127.287153
134.874226
121.540398
131.054453
120.718927
143.837117
134.819245
136.760911
138.291119
133.338492
137.326478
124.323765
123.985451
141.526119
121.747925
115.405152
126.8808
137.773929
124.778014
139.46603
122.836404
122.380438
118.658382
111.619295
145.838837
109.075149
119.336701
116.28371
114.652997
125.375263
115.323978
139.296491
118.496997
123.583511
112.18577
122.35239
133.271705
108.411255
135.43123
126.957051
128.439802
118.044803
124.187705
121.51152
131.701612
116.646213
135.412679
128.908613
120.379373
114.349239
111.242027
110.70917
118.697403
117.529827
110.700817
143.037821
109.250726
135.603384
132.374698
137.1465
129.953982
122.772789
129.903043
116.499632
123.097357
122.829017
119.042128
113.537695
119.71527
113.543566
129.391781
140.370823
121.093508
121.671924
119.41855
147.147478
121.780405
119.277759
134.257646
115.998904
142.233821
123.134434
126.640581
109.105768
140.609515
125.248147
123.393202
130.25086
131.239986
111.46462
122.577722
133.049502
143.859094
117.073373
0.086472
129.173336
112.452515
120.99258
113.132833
123.597863
115.894586
126.182252
121.375261
107.8343
119.317424
116.287886
120.915609
128.964095
110.761861
133.694656
138.369621
115.105578
124.434398
134.358673
104.008488
122.985292
134.358802
154.226283
129.222574
137.05897
117.315844
136.538096
137.393478
114.727825
106.058577
128.439964
138.64717
131.894837
138.67972
108.473884
121.294708
125.819686
137.185016
126.244042
127.317548
122.865835
118.421371
109.496081
136.364192
131.295645
130.698347
128.098831
127.874642
124.581523
110.773859
122.604031
130.655633
123.189084
142.730347
108.475157
118.89852
127.514003
117.936305
130.348438
127.847806
112.604974
122.953375
146.485522
105.651319
120.538735
129.464713
122.423495
118.194051
129.460635
115.418043
116.748548
121.303357
122.293191
112.882445
115.794377
144.38817
138.2739
114.92678
129.687996
143.086732
140.625735
137.41306
129.67608
121.857289
114.307234
125.328617
111.702459
108.543234
115.067688
138.155951
118.383884
109.30914
120.534987
134.740206
145.320768
118.107766
122.321121
116.744017
120.993515
116.342853
143.045586
122.975127
113.195934
117.594317
126.531355
106.057075
127.699434
142.296299
127.375795
134.14633
144.58372
114.21541
116.73522
121.386397
131.305704
114.586633
131.018374
115.299308
140.02898
121.144404
156.673573
124.951426
108.847708
139.287776
112.451116
124.613847
122.978584
113.608434
116.447835
139.524146
132.698952
118.008772
143.982597
129.264584
123.477897
134.975862
119.684337
124.181286
141.154321
113.908249
0.309023
144.832187
124.206346
109.448942
113.755075
140.397313
133.89109
110.28125
131.859559
138.280231
128.822409
131.557527
134.383249
117.93814
124.391112
138.037647
113.842416
138.097293
124.470809
121.812243
117.342543
122.415925
123.046602
138.711997
145.464511
110.31427
128.166938
122.164764
121.995545
133.978586
131.231164
130.533686
130.645328
136.120036
132.819486
120.161345
131.613009
118.49018
112.614594
130.869697
112.010103
108.858158
118.468898
140.79897
118.844673
127.565471
138.631753
108.628088
109.081892
112.858483
126.792903
113.939404
116.476651
138.857147
108.764823
132.208198
137.15906
112.614151
137.630975
125.015606
127.718104
116.65798
133.991505
131.414274
145.041072
145.433721
134.78374
113.336133
151.125412
116.909693
118.538651
127.410199
122.448321
125.274676
140.637848
128.914484
113.746168
130.713015
112.507279
126.351231
107.134153
112.855861
110.863946
123.538425
113.24809
121.82652
133.207721
133.833948
113.157089
124.676146
108.333783
110.28111
146.953547
136.696146
115.584656
111.233843
145.709426
142.983595
121.149167
137.565108
129.451701
130.496379
114.902625
133.450514
125.193626
137.358129
142.243386
109.633109
105.488416
123.711743
109.82953
118.353023
133.435383
121.135666
127.629274
107.246119
156.860512
130.700284
136.279081
133.011998
131.030164
119.42151
115.943996
140.189278
0.050996
131.812431
123.738012
134.635874
111.614674
130.327755
140.266936
126.050013
127.495534
124.612851
117.340793
138.167715
129.289475
123.78438
123.713655
121.106151
127.773372
121.763018
139.204512
126.294299
145.808936
123.593807
131.052568
138.725987
127.557736
137.531536
132.047369
134.703944
125.821308
122.155859
121.488807
123.973479
118.717846
126.222379
118.780841
129.526625
114.992554
142.148255
129.151629
127.917411
130.700545
111.949846
114.650372
127.920485
108.926171
105.694767
133.044721
118.816675
119.700429
134.102235
128.759764
109.837717
105.753556
120.868557
117.60743
109.820199
136.666522
120.174267
138.751767
132.311953
120.337566
128.253553
123.005499
108.501763
129.884672
177.34903
156.079872
120.963908
138.874923
113.712151
121.988235
116.361924
113.373666
115.977445
117.752996
123.795431
148.225345
135.804606
114.061406
134.419886
114.866838
118.959604
119.024127
127.626106
125.451551
137.665748
144.179317
116.758205
125.123641
120.815758
140.910506
115.66145
113.354844
137.086099
129.286869
117.312503
141.417623
134.361422
132.743301
126.5498
0.379509
131.842156
144.599184
122.099737
135.084181
145.955913
0.062035
0.526702
126.714399
