168.43802
1.22837
0.850551
0.986741
0.90814
1.197994
0.486382
1.221426
0.436083
0.351509
0.186302
0.270293
0.37334
0.258618
0.248396
0.131816
0.199623
0.196013
0.250966
0.10992
0.135891
0.251122
0.247049
0.329802
0.149167
0.308441
5.271783
0.175316
0.147169
0.659575
0.209346
0.124226
0.275138
0.202622
0.051535
0.080634
0.167383
0.148975
0.077315
0.093392
0.212908
0.163615
0.121689
0.054004
0.225126
0.14659
0.299822
0.245159
0.24835
0.262353
0.153398
0.421112
0.184143
0.187823
0.150985
0.220101
0.126024
0.085655
0.117103
0.124439
0.134058
0.044582
0.183737
0.296547
0.12223
0.197962
0.19897
0.228928
0.091051
0.280078
0.223847
0.102169
0.175784
0.128591
0.222715
0.110525
0.136015
0.164844
0.161048
0.149184
0.726787
0.183482
0.142148
0.182423
0.148044
0.139721
0.227693
0.092277
0.087321
0.143277
0.090588
0.176041
0.165664
0.078265
0.066425
0.060975
0.180844
0.118286
0.076223
0.133571
0.163935
0.083798
0.040816
0.060736
0.054514
0.101621
0.07868
0.035487
0.061375
0.121495
0.11454
0.077618
0.133843
0.041428
0.040638
0.086362
0.050178
0.128021
0.289168
0.247734
0.139644
0.138997
0.05949
0.086676
0.140928
0.152398
0.192817
0.205549
0.128584
0.186303
0.077932
0.127984
0.14121
0.108384
0.1776
0.297439
0.106145
0.083548
0.073026
0.120627
0.098412
0.099928
0.075352
0.061185
0.18869
0.095284
0.026016
0.046552
0.110186
0.07396
0.063318
0.067076
0.058856
0.133458
0.055533
0.06553
0.057641
0.145265
0.07249
0.030984
0.103703
0.085161
0.113017
0.079717
0.074554
0.053241
0.062964
0.094295
0.048667
0.046593
0.076047
0.048989
0.062937
0.081063
0.080099
0.064634
0.030852
0.108998
0.081789
0.121068
0.021269
0.131933
0.064
0.167014
0.084172
0.07329
0.068984
0.042513
0.10276
0.124501
0.031804
0.056456
0.05494
0.128565
0.04811
0.060516
0.12572
0.29929
0.098704
0.075313
0.134059
0.107292
0.030765
0.058095
0.129133
0.070784
0.121336
0.061425
0.064505
0.077366
0.082742
0.162864
0.078736
0.108685
0.061983
0.143248
0.132112
0.042607
0.11587
0.039724
0.062061
0.088645
0.081007
0.089071
0.060786
0.083702
0.042439
0.143252
0.080644
0.046791
0.083276
0.056294
0.066678
0.074024
0.095537
0.089697
0.072151
0.035942
0.089083
0.111287
0.084597
0.070382
0.122121
0.098232
0.059665
0.092328
0.056577
0.065336
0.087857
0.082901
0.111589
0.078557
0.073505
0.067442
0.11535
0.077173
0.09453
0.089072
0.067015
0.043432
0.081703
0.074388
0.045515
0.038692
0.084215
0.034719
0.121275
0.028928
0.137236
0.039771
0.091847
0.062452
0.071211
0.098377
0.070225
0.100021
0.062019
0.123146
0.04929
0.048118
0.106375
0.098421
0.048354
0.089042
0.082409
0.092463
0.037977
0.108006
0.120431
0.090856
0.04608
0.082055
0.070547
0.056719
0.086435
0.089928
0.059357
0.056083
0.103943
0.072893
0.055431
0.098124
0.079788
0.078728
0.174737
0.088318
0.035262
0.087743
0.104692
0.040592
0.055676
0.126435
0.060383
0.189618
0.046921
0.118992
0.026032
0.066963
0.055862
0.195378
0.13361
0.081861
0.084035
0.093089
0.0587
0.075725
0.058352
0.14608
0.055928
0.086238
0.072693
0.089418
0.094825
0.046456
0.0827
0.076851
0.086955
0.097173
0.034262
0.111746
0.038107
0.150105
0.080865
0.079288
0.083545
0.092576
0.08137
0.145332
0.072714
0.045909
0.049588
0.037444
0.053278
0.057045
0.081698
0.078143
0.079377
0.098446
0.078886
0.096537
0.043484
0.053539
0.12743
0.144808
0.08477
0.073025
0.066899
0.062562
0.122131
0.093385
0.039837
0.053576
0.075547
0.028481
0.052408
0.067833
0.054027
0.137917
0.063874
0.089231
0.13249
0.113619
0.101411
0.273552
0.100314
0.124894
0.067044
0.183446
0.055887
0.066208
0.100529
0.079308
0.152249
0.090393
0.083756
0.023494
0.095509
0.0997
0.028598
0.115126
0.106842
0.044517
0.083783
0.073654
0.072047
0.081486
0.100773
0.087695
0.040448
0.06066
0.043211
0.096565
0.109984
0.041682
0.055536
0.064407
0.102676
0.092472
0.076757
0.03059
0.114776
0.061671
0.141913
0.021806
0.062847
0.071753
0.106639
0.080609
0.148237
0.066912
0.12037
0.132237
0.109888
0.07035
0.071418
0.033167
0.130253
0.08354
0.106782
0.043754
0.047575
0.057611
0.056394
0.057094
0.077069
0.100382
0.073737
0.086578
0.104035
0.08183
0.077582
0.033682
0.085732
0.082561
0.070232
0.081555
0.08436
0.078458
0.088857
0.021826
0.08578
0.109419
0.063124
0.050206
0.055548
0.11305
0.054008
0.109047
0.14086
0.160188
0.120294
0.111204
0.082256
0.051996
0.112091
0.098226
0.107796
0.040674
0.060085
0.025391
0.127827
0.083857
0.124115
0.055368
0.073203
0.048049
0.081663
0.026701
0.081353
0.05938
0.053474
0.064003
0.05351
0.070231
0.067291
0.100035
0.118891
0.038398
0.081887
0.020682
0.032395
0.056229
0.084033
0.061049
0.066679
0.102628
0.052853
0.056452
0.082719
0.12747
0.117146
0.092708
0.155158
0.1055
0.094899
0.048211
0.097241
0.052851
0.058469
0.123201
0.176419
0.031115
0.0369
0.065806
0.061422
0.081598
0.046366
0.048768
0.081549
0.077018
0.040435
0.065667
0.108385
0.137772
0.117062
0.096741
0.071293
0.082152
0.050949
0.118676
0.069003
0.068673
0.059113
0.061714
0.07777
0.092743
0.097899
0.085783
0.092545
0.104209
0.11283
0.068568
0.066709
0.048808
0.030935
0.075026
0.072336
0.12372
0.075222
0.06361
0.04823
0.122139
0.065024
0.072696
0.089975
0.066167
0.041734
0.03598
0.089404
0.0929
0.07595
0.107205
0.057938
0.078788
0.094144
0.120192
0.123057
0.055531
0.073039
0.156116
0.098891
0.039364
0.045204
0.064798
0.07036
0.094217
0.042983
0.025389
0.070115
0.064284
0.083118
0.074913
0.054122
0.062006
0.061391
0.113576
0.093879
0.094237
0.095874
0.063056
0.056706
0.072408
0.043876
0.076801
0.081526
0.063753
0.030873
0.032979
0.110058
0.064778
0.109529
0.081477
0.116333
0.111927
0.054408
0.077795
0.105777
0.070686
0.075127
0.083222
0.114989
0.123195
0.067115
0.089824
0.052039
0.099121
0.060101
0.069379
0.071274
0.096344
0.060686
0.056599
0.018142
0.058463
0.046715
0.049491
0.13424
0.062802
0.141689
0.085591
0.130132
0.09536
0.089437
0.063403
0.075765
0.104571
0.067483
0.078915
0.030999
0.042812
0.088358
0.061529
0.091459
0.072594
0.078732
0.084442
0.065881
0.051795
0.086547
0.119986
0.107946
0.093933
0.040777
0.04519
0.083869
0.099895
0.051339
0.103976
0.122961
0.059843
0.095865
0.020319
0.117034
0.041092
0.089579
0.058766
0.119733
0.054807
0.098464
0.040538
0.061112
0.10026
0.128045
0.164811
0.024237
0.073506
0.057047
0.078084
0.093766
0.076555
0.078128
0.067632
0.059283
0.06565
0.072471
0.08565
0.08884
0.126675
0.106726
0.123168
0.040595
0.079129
0.082413
0.104613
0.037084
0.103325
0.054135
0.045396
0.099346
0.079499
0.078113
0.106156
0.140119
0.052152
0.052401
0.087733
0.060577
0.079427
0.101805
0.107718
0.053079
0.040482
0.052404
0.056076
0.067518
0.086666
0.085469
0.066869
0.063843
0.105341
0.041675
0.053579
0.097861
0.126248
0.132157
0.058257
0.056997
0.085129
0.089654
0.115859
0.068992
0.042434
0.092852
0.113652
0.096117
0.089585
0.074181
0.081276
0.084822
0.096803
0.072224
0.124438
0.098621
0.093405
0.12009
0.151654
0.055414
0.029496
0.067576
0.027821
0.093983
0.028984
0.113621
0.080019
0.084426
0.10188
0.083816
0.067229
0.082816
0.121641
0.098242
0.051545
0.094342
0.099115
0.073943
0.054995
0.046289
0.073028
0.043458
0.072734
0.038312
0.062417
0.063696
0.089394
0.024074
0.103759
0.085541
0.142964
0.131296
0.051641
0.108397
0.067274
0.150368
0.113074
0.072984
0.096785
0.095555
0.153003
0.079767
0.121106
0.154801
0.115467
0.168329
0.123617
0.056725
0.049423
0.179388
0.035392
0.073131
0.074372
0.078533
0.192524
0.115572
0.100852
0.103418
0.047883
0.091409
0.060423
0.082224
0.091807
0.035505
0.037627
0.048264
0.051318
0.056902
0.105078
0.092897
0.055446
0.076393
0.034683
0.045221
0.055063
0.09601
0.103217
0.136486
0.114645
0.111305
0.064529
0.065208
0.097494
0.033431
0.087103
0.109651
0.057935
0.064349
0.063556
0.089673
0.032027
0.043444
0.075013
0.083491
0.112267
0.021114
0.083009
0.067908
0.137752
0.0673
0.080007
0.088325
0.092238
0.109048
0.061673
0.089292
0.079602
0.074243
0.045119
0.069326
0.086202
0.039847
0.055392
0.148884
0.06305
0.05509
0.038178
0.167731
0.064163
0.043331
0.113027
0.032887
0.112425
0.146125
0.070847
0.03211
0.099514
0.03836
0.038061
0.081914
0.07111
0.146592
0.132763
0.148972
0.134928
0.115394
0.156218
0.082744
0.079219
0.167381
0.039681
0.160141
0.076161
0.077627
0.1039
0.042517
0.07614
0.080049
0.058817
0.061982
0.079698
0.101491
0.087761
0.074978
0.101798
0.07368
0.034313
0.073021
0.122055
0.116881
0.03805
0.082554
0.08002
0.055445
0.033983
0.078705
0.052081
0.086759
0.07082
0.071437
0.106931
0.069829
0.070024
0.07474
0.087743
0.069887
0.168951
0.063018
0.115294
0.087292
0.064684
0.069956
0.100631
0.099122
0.07577
0.136511
0.111903
0.064352
0.081875
0.078444
0.02909
0.026881
0.065095
0.059977
0.065829
0.08726
0.092765
0.095712
0.083484
0.051499
0.075495
0.089191
0.091235
0.06993
0.114191
0.043476
0.100985
0.098828
0.070462
0.068041
0.136668
0.122732
0.102583
0.08327
0.065498
0.040909
0.113563
0.092258
0.094522
0.059762
0.03271
0.073932
0.041516
0.091845
0.087251
0.062673
0.071189
0.082927
0.141601
0.146578
0.052849
0.117846
0.138641
0.100267
0.074723
0.065964
0.104649
0.084566
0.059256
0.041427
0.062134
0.049636
0.060084
0.058986
0.063486
0.025768
0.080403
0.113442
0.184317
0.074527
0.072224
0.132915
0.102901
0.062498
0.084156
0.047471
0.089976
0.053259
0.10293
0.091101
0.079268
0.117851
0.101061
0.124552
0.074401
0.084525
0.02114
0.062511
0.031077
0.124982
0.108427
0.123435
0.048205
0.091674
0.071969
0.074168
0.071261
0.07386
0.091183
0.13472
0.074877
0.063794
0.046163
0.09131
0.066238
0.093904
0.065127
0.054593
0.115643
0.074026
0.098298
0.116468
0.077938
0.08562
0.085984
0.080931
0.062766
0.051921
0.07821
0.082309
0.060568
0.066927
0.110683
0.059915
0.07817
0.112463
0.1156
0.025136
0.078459
0.033458
0.09365
0.115548
0.126088
0.081198
0.057836
0.130265
0.071276
0.046699
0.093098
0.083625
0.089903
0.080391
0.125385
0.059766
0.035992
0.081916
0.076041
0.020258
0.051159
0.023588
0.110994
0.151137
0.081801
0.091507
0.093399
0.078351
0.038669
0.02734
0.031346
0.104138
0.115869
0.140199
0.064362
0.100951
0.102104
0.108264
0.053371
0.117099
0.163332
0.037434
0.118866
0.093308
0.114422
0.092424
0.085022
0.033759
0.077056
0.07634
0.079277
0.039897
0.069693
0.031225
0.032738
0.096625
0.084047
0.04184
0.074908
0.111802
0.109919
0.061592
0.062718
0.091237
0.039639
0.07575
0.086272
0.049937
0.063738
0.145248
0.119812
0.086807
0.018101
0.10425
0.166923
0.08926
0.08426
0.124785
0.137607
0.110329
0.063507
0.056575
0.084788
0.047894
0.099892
0.07894
0.086628
0.076793
0.060812
0.082092
0.093198
0.093973
0.083673
0.045655
0.070716
0.058537
0.097922
0.100208
0.090981
0.099611
0.096881
0.077235
0.06556
0.08298
0.081823
0.048071
0.100905
0.036747
0.0258
0.077412
0.048061
0.08397
0.045175
0.046276
0.086609
0.091543
0.169316
0.056557
0.096258
0.076367
0.027269
0.047037
0.077766
0.081216
0.15013
0.059807
0.062243
0.085342
0.086916
0.068866
0.047904
0.062786
0.121102
0.143706
0.193973
0.282094
0.248184
0.12695
0.15149
0.046626
0.094634
0.192854
0.110445
0.082364
0.080201
0.108475
0.088003
0.097787
0.114677
0.197407
0.0912
0.114202
0.163804
0.151383
0.149256
0.083062
0.124543
0.146157
0.175783
0.212054
0.120652
0.073823
0.128329
0.121325
0.201558
0.117327
0.132403
0.076645
0.066522
0.064654
0.125011
0.078149
0.101051
0.07764
0.055707
0.057784
0.061649
0.094235
0.04241
0.153223
0.114154
0.139817
0.079855
0.069123
0.134188
0.077295
0.069563
0.085044
0.099115
0.063643
0.057567
0.089404
0.118132
0.095101
0.030437
0.081747
0.083736
0.044584
0.107251
0.104709
0.074003
0.046831
0.061894
0.07636
0.060609
0.082054
0.071372
0.099562
0.12668
0.093651
0.069148
0.059681
0.083334
0.096474
0.116249
0.078017
0.020659
0.032444
0.06677
0.062228
0.128859
0.073852
0.056584
0.066938
0.088186
0.078163
0.142678
0.142361
0.126143
0.039591
0.111107
0.14957
0.099693
0.070641
0.208954
0.128468
0.078972
0.085282
0.070517
0.040607
0.076711
0.082084
0.068322
0.038822
0.090004
0.129428
0.128948
0.10463
0.051415
0.05553
0.081933
0.050617
0.077662
0.032579
0.080923
0.077628
0.106047
0.145541
0.125313
0.030757
0.088906
0.075498
0.082451
0.135022
0.090669
0.061608
0.086958
0.050774
0.076782
0.082277
0.03237
0.069321
0.084168
0.05154
0.041762
0.059273
0.20122
0.106849
0.153622
0.065985
0.095068
0.056391
0.074411
0.05292
0.04669
0.035432
0.112935
0.083578
0.108134
0.101133
0.058844
0.058434
0.051615
0.075077
0.087833
0.061909
0.04676
0.055501
0.071311
0.069279
0.069526
0.090965
0.074911
0.074316
0.059066
0.107886
0.082798
0.074562
0.058018
0.105949
0.071209
0.086478
0.047934
0.050093
0.109446
0.054627
0.131159
0.064006
0.121952
0.058491
0.080798
0.092693
0.053322
0.132338
0.097973
0.1192
0.089451
0.036265
0.06957
0.102852
0.030881
0.152391
0.052319
0.11834
0.058485
0.021687
0.076358
0.043392
0.104602
0.163069
0.097267
0.12167
0.049876
0.091298
0.072695
0.07699
0.028141
0.039216
0.036995
0.043769
0.093966
0.047977
0.059967
0.088269
0.055911
0.051763
0.06838
0.081087
0.03622
0.086722
0.124424
0.076956
0.103246
0.064232
0.071581
0.15289
0.059848
0.100386
0.078585
0.086082
0.056905
0.035096
0.058052
0.135673
0.103652
0.104043
0.053554
0.026547
0.130062
0.115368
0.046131
0.080001
0.124126
0.102312
0.141431
0.091573
0.057513
0.036431
0.068436
0.025739
0.05015
0.113599
0.100686
0.051933
0.07078
0.032048
0.071606
0.144076
0.055347
0.1022
0.040909
0.037488
0.036361
0.136066
0.094795
0.129
0.114075
0.14281
0.148208
0.051084
0.109891
0.177326
0.140681
0.155811
0.215689
0.080275
0.047562
0.085562
0.122796
0.224135
0.122495
0.046563
0.134234
0.050906
0.055017
0.112633
0.107396
0.1582
0.048092
0.099678
0.124422
0.070653
0.106208
0.075024
0.049413
0.045757
0.054015
0.094875
0.111254
0.05821
0.115867
0.090875
0.086986
0.084572
0.077595
0.07669
0.079485
0.130615
0.064391
0.049303
0.075183
0.048441
0.062833
0.092828
0.062841
0.089878
0.105731
0.043861
0.068067
0.085279
0.141796
0.039103
0.090756
0.088998
0.084029
0.092536
0.046419
0.04791
0.136498
0.070158
0.040986
0.07233
0.114107
0.053527
0.041952
0.067211
0.092661
0.026155
0.068102
0.063657
0.055627
0.06936
0.030671
0.110109
0.048141
0.087448
0.055877
0.054875
0.103382
0.094178
0.094515
0.024073
0.062277
0.099433
0.111092
0.114856
0.051572
0.108038
0.120103
0.074934
0.050219
0.057294
0.081847
0.105188
0.064155
0.120599
0.10599
0.073794
0.038299
0.072283
0.085192
0.085112
0.032405
0.074836
0.112687
0.043236
0.096056
0.073782
0.081081
0.083099
0.092851
0.105839
0.080978
0.068638
0.114822
0.05953
0.066196
0.057688
0.078599
0.085557
0.086193
0.088678
0.071761
0.098318
0.071483
0.044128
0.109824
0.107763
0.075218
0.109176
0.204713
0.092176
0.089053
0.129288
0.035903
0.134238
0.066054
0.045583
0.068601
0.057537
0.078052
0.037643
0.073965
0.071434
0.105827
0.101572
0.07576
0.097628
0.062685
0.165273
0.083454
0.103459
0.057839
0.08558
0.044664
0.086243
0.040268
0.103994
0.124989
0.039532
0.034716
0.05146
0.041035
0.053921
0.04543
0.059256
0.058809
0.120087
0.063858
0.133613
0.042699
0.067123
0.053333
0.071096
0.070714
0.055799
0.100791
0.059276
0.062222
0.108863
0.020485
0.061191
0.104794
0.075553
0.05897
0.088479
0.101777
0.018677
0.070937
