103.446015
0.232082
0.2171
0.843054
0.388091
0.32515
0.51597
0.39272
0.140652
0.312172
0.169672
0.201238
0.157442
0.480476
0.100221
0.062436
0.205986
0.11173
0.116691
0.045286
0.109212
0.072016
0.080813
0.090565
0.098442
0.074037
4.617444
0.119338
0.091843
0.304041
0.08718
0.059841
0.097079
0.030988
0.054268
0.134001
0.029658
0.086734
0.056533
0.018717
0.067563
0.053822
0.030093
0.035293
0.083231
0.073253
0.049414
0.092027
0.058926
0.115667
0.031751
0.104344
0.03059
0.024715
0.039439
0.072371
0.056157
0.027126
0.026178
0.034417
0.036222
0.034695
0.02468
0.071239
0.022585
0.027911
0.012217
0.022872
0.066506
0.024658
0.031856
0.023264
0.041698
0.018133
0.040948
0.019594
0.020621
0.059673
0.05205
0.025636
0.053418
0.03464
0.008549
0.056943
0.028012
0.15184
0.04514
0.016457
0.019823
0.05834
0.038763
0.063475
0.062859
0.079659
0.061958
0.043754
0.02956
0.029802
0.02304
0.031451
0.020463
0.069614
0.081136
0.030431
0.021901
0.017193
0.020156
0.039385
0.024917
0.015319
0.0452
0.013972
0.034651
0.024161
0.035465
0.01415
0.020435
0.028854
0.032587
0.070899
0.021046
0.013454
0.008358
0.012801
0.010057
0.014282
0.008644
0.011211
0.012893
0.013529
0.0153
0.069936
0.046761
0.01272
0.010182
0.013421
0.012608
0.018374
0.013627
0.012653
0.010197
0.010841
0.011968
0.016565
0.006405
0.023117
0.021549
0.015708
0.008275
0.011034
0.012398
0.022706
0.010867
0.050751
0.011637
0.021157
0.013777
0.008256
0.011496
0.012504
0.01181
0.008395
0.008835
0.011516
0.009526
0.010916
0.010794
0.010971
0.011305
0.017973
0.015959
0.015694
0.015088
0.017259
0.012685
0.014139
0.013949
0.017907
0.011809
0.007043
0.010507
0.011741
0.008387
0.009046
0.010414
0.010209
0.019365
0.010233
0.010186
0.012173
0.012151
0.017952
0.020492
0.008944
0.010498
0.016718
0.013027
0.011489
0.009685
0.010899
0.007794
0.015224
0.009898
0.01099
0.030469
0.015106
0.017641
0.011614
0.012516
0.015404
0.009889
0.022117
0.010589
0.013246
0.014319
0.012115
0.009441
0.008386
0.009244
0.015491
0.008161
0.012215
0.009459
0.018003
0.014343
0.011452
0.01399
0.007708
0.010166
0.011297
0.010035
0.015774
0.013518
0.006071
0.01713
0.013855
0.012433
0.015509
0.013454
0.014042
0.014799
0.009298
0.009046
0.013339
0.022111
0.014734
0.014399
0.011134
0.011487
0.011774
0.013133
0.005265
0.019158
0.019156
0.02005
0.012543
0.010126
0.014703
0.014926
0.007727
0.009335
0.018185
0.017464
0.027126
0.020192
0.011677
0.017258
0.010809
0.020812
0.012298
0.013143
0.008161
0.010749
0.014328
0.013032
0.011618
0.013085
0.015267
0.009036
0.014478
0.017894
0.006751
0.009678
0.012153
0.011572
0.012731
0.010882
0.015736
0.011839
0.014225
0.010294
0.009929
0.013527
0.011713
0.013056
0.013297
0.014329
0.01333
0.009407
0.013847
0.015316
0.016038
0.018375
0.007169
0.009617
0.015207
0.014814
0.018643
0.009395
0.011142
0.009665
0.008417
0.016445
0.015706
0.013714
0.021114
0.018131
0.021447
0.011336
0.01727
0.01769
0.010317
0.016566
0.015575
0.009741
0.009349
0.018203
0.012623
0.012201
0.009652
0.011708
0.015493
0.013034
0.013499
0.011115
0.02063
0.008986
0.014497
0.01426
0.011689
0.01343
0.010493
0.012444
0.016262
0.013759
0.007631
0.009705
0.011095
0.013611
0.011813
0.014916
0.017153
0.011851
0.009172
0.015217
0.016416
0.016113
0.021169
0.008838
0.011538
0.011634
0.0165
0.013061
0.015146
0.010231
0.014243
0.012305
0.01547
0.013157
0.009265
0.012253
0.012192
0.018123
0.023428
0.012476
0.015108
0.017102
0.012428
0.009205
0.020996
0.018438
0.014654
0.011493
0.017528
0.027662
0.019001
0.014813
0.01783
0.014485
0.028327
0.0189
0.016006
0.014349
0.015298
0.023675
0.018183
0.018086
0.015309
0.018774
0.02046
0.010272
0.011474
0.023643
0.016398
0.014255
0.022474
0.01597
0.018405
0.013667
0.028728
0.019695
0.020243
0.013966
0.015627
0.019611
0.030426
0.017217
0.010498
0.023933
0.018052
0.01712
0.01666
0.015649
0.012322
0.010048
0.027854
0.019466
0.016682
0.012185
0.022191
0.009992
0.012606
0.010785
0.010563
0.01187
0.009336
0.010029
0.012216
0.01056
0.01491
0.010649
0.007019
0.009063
0.014
0.009083
0.021571
0.01049
0.01624
0.011656
0.013927
0.007671
0.008759
0.005096
0.013847
0.01121
0.006099
0.008894
0.010834
0.004538
0.01323
0.014371
0.010768
0.007252
0.011155
0.008374
0.014499
0.007777
0.012404
0.009447
0.012394
0.012663
0.01182
0.008964
0.008102
0.009021
0.005866
0.011124
0.007579
0.012339
0.013475
0.011046
0.014178
0.006198
0.015582
0.006478
0.014591
0.013795
0.010372
0.006594
0.013972
0.014363
0.008945
0.010422
0.012586
0.01316
0.010219
0.005781
0.012928
0.015618
0.008603
0.006369
0.008456
0.011135
0.012329
0.012593
0.009954
0.012188
0.012865
0.012898
0.015994
0.012952
0.013272
0.007747
0.011813
0.008255
0.00964
0.006159
0.016443
0.009803
0.011989
0.015075
0.010205
0.008697
0.009456
0.007189
0.013892
0.011647
0.017306
0.011376
0.011728
0.007649
0.00711
0.009098
0.008708
0.007393
0.01312
0.014456
0.010163
0.008947
0.008259
0.011294
0.012654
0.007689
0.010917
0.01223
0.006734
0.009888
0.013616
0.00853
0.009133
0.007817
0.007495
0.011562
0.010509
0.035387
0.010218
0.010519
0.011935
0.008525
0.008874
0.010949
0.010308
0.014545
0.020257
0.006709
0.012108
0.010087
0.011249
0.008858
0.011793
0.017201
0.020863
0.011788
0.011951
0.011455
0.014124
0.013716
0.009901
0.005822
0.010688
0.009742
0.007764
0.006637
0.008425
0.011948
0.007347
0.010761
0.012084
0.009404
0.013832
0.012616
0.010077
0.009753
0.010867
0.012253
0.008358
0.007393
0.008856
0.007415
0.009284
0.012312
0.004426
0.008912
0.009426
0.01386
0.008139
0.015554
0.007337
0.011548
0.011599
0.01726
0.013159
0.007786
0.018461
0.010464
0.009981
0.007387
0.0139
0.008837
0.011716
0.016387
0.009998
0.010141
0.006647
0.008962
0.008839
0.012793
0.015043
0.007461
0.004873
0.007465
0.01226
0.003985
0.010483
0.004634
0.00684
0.01291
0.009439
0.010076
0.012923
0.02059
0.018627
0.018464
0.01532
0.009584
0.01041
0.012182
0.00831
0.005919
0.012129
0.012857
0.010075
0.00855
0.007205
0.010522
0.003168
0.009392
0.011913
0.008909
0.006683
0.008494
0.012138
0.008266
0.00859
0.01449
0.007949
0.009723
0.008453
0.005267
0.015937
0.005708
0.012724
0.01302
0.013233
0.006801
0.008473
0.008624
0.015283
0.013712
0.011339
0.00933
0.009027
0.009813
0.008239
0.006827
0.010354
0.0091
0.007088
0.013242
0.012204
0.011159
0.00599
0.009542
0.008586
0.012164
0.008643
0.011771
0.008232
0.00763
0.015787
0.01422
0.010465
0.01423
0.010435
0.011167
0.012535
0.008525
0.007725
0.007952
0.010661
0.013391
0.006774
0.014515
0.00956
0.007951
0.00896
0.006489
0.029443
0.026644
0.01946
0.013803
0.009188
0.011913
0.009275
0.009732
0.01664
0.009387
0.010322
0.007194
0.014555
0.007238
0.010735
0.007979
0.01222
0.008386
0.009914
0.006678
0.012903
0.010964
0.010106
0.010208
0.013809
0.00873
0.009041
0.013093
0.012528
0.011072
0.009229
0.006311
0.008608
0.006841
0.014236
0.010562
0.008083
0.010874
0.006054
0.013306
0.008751
0.010346
0.01711
0.009249
0.008381
0.011373
0.008384
0.015063
0.014541
0.009836
0.014242
0.013004
0.011616
0.008024
0.013749
0.010738
0.007329
0.013264
0.011843
0.008212
0.012869
0.010714
0.006823
0.014556
0.011992
0.016641
0.011554
0.01072
0.014031
0.00909
0.008269
0.012047
0.011506
0.008741
0.008319
0.00869
0.011636
0.007466
0.014115
0.009735
0.012814
0.017447
0.00794
0.013595
0.015422
0.008945
0.009867
0.013367
0.008988
0.01538
0.016715
0.008183
0.007241
0.011327
0.010343
0.010783
0.012884
0.01018
0.013516
0.013288
0.012529
0.008851
0.008996
0.009522
0.012316
0.00837
0.010384
0.014083
0.009577
0.011639
0.011334
0.008978
0.009428
0.006248
0.00942
0.010664
0.00346
0.01242
0.011293
0.008065
0.011444
0.00576
0.021363
0.012057
0.005191
0.027975
0.025285
0.013681
0.009493
0.008225
0.013885
0.007934
0.008955
0.008809
0.016014
0.010105
0.014798
0.009048
0.014507
0.011253
0.00737
0.009637
0.011597
0.01094
0.007674
0.010847
0.011783
0.005032
0.009213
0.012992
0.013901
0.011392
0.00991
0.012223
0.008246
0.008021
0.016068
0.010775
0.006803
0.015012
0.017427
0.008633
0.012591
0.010428
0.006324
0.010815
0.011079
0.00991
0.011418
0.01288
0.011938
0.011349
0.004152
0.009026
0.010553
0.005475
0.010997
0.010296
0.007425
0.009858
0.003814
0.007417
0.009943
0.009034
0.011132
0.008141
0.011344
0.01203
0.00657
0.008369
0.013518
0.00774
0.013007
0.010433
0.01149
0.010845
0.008111
0.013431
0.007233
0.010028
0.00846
0.011588
0.003495
0.008517
0.01127
0.012768
0.009197
0.01049
0.007934
0.00973
0.007819
0.007461
0.01153
0.009535
0.011614
0.009235
0.007001
0.012759
0.012013
0.013096
0.011188
0.01143
0.011699
0.013988
0.012525
0.010612
0.006475
0.00984
0.005982
0.009803
0.008096
0.007402
0.005221
0.00462
0.02076
0.008856
0.009996
0.007631
0.010944
0.012392
0.008154
0.010589
0.007433
0.011801
0.007108
0.009284
0.00831
0.011958
0.008932
0.006752
0.006633
0.010249
0.008526
0.007296
0.009149
0.011749
0.0111
0.010015
0.012073
0.004807
0.009272
0.015319
0.010464
0.007473
0.011607
0.011804
0.006588
0.00879
0.013593
0.014234
0.009494
0.006356
0.008516
0.012395
0.008787
0.011414
0.010681
0.01058
0.006131
0.011904
0.014471
0.010021
0.006887
0.009277
0.010096
0.011335
0.006608
0.010885
0.010104
0.013326
0.01303
0.011607
0.012792
0.010336
0.009839
0.013256
0.007862
0.009847
0.006979
0.005583
0.010223
0.00951
0.010561
0.009194
0.00738
0.007111
0.014071
0.012018
0.011506
0.010191
0.015404
0.008155
0.007792
0.007624
0.009112
0.00846
0.008388
0.005636
0.013821
0.008282
0.014731
0.00815
0.007024
0.007214
0.014656
0.009558
0.005952
0.010238
0.009665
0.006208
0.013231
0.007383
0.010477
0.004282
0.010932
0.015955
0.007037
0.009739
0.008101
0.006294
0.009659
0.007959
0.010109
0.01221
0.009867
0.010687
0.010832
0.010665
0.006225
0.011515
0.009283
0.013134
0.005534
0.010435
0.01379
0.01126
0.011348
0.010309
0.007732
0.008372
0.013614
0.005193
0.010002
0.010493
0.009194
0.003438
0.011165
0.012768
0.006325
0.010394
0.035731
0.010635
0.008795
0.011178
0.010791
0.00604
0.013449
0.00882
0.040868
0.005165
0.011945
0.009993
0.012792
0.006705
0.011018
0.007179
0.011018
0.014372
0.007225
0.007334
0.016347
0.012336
0.010666
0.009247
0.010238
0.010078
0.008363
0.01472
0.011144
0.007217
0.013818
0.01177
0.007913
0.008296
0.007678
0.009097
0.006048
0.01478
0.012593
0.008991
0.015146
0.006712
0.010801
0.004831
0.009612
0.008007
0.009537
0.009327
0.003966
0.010679
0.010214
0.01361
0.010159
0.010389
0.009644
0.01367
0.013547
0.01201
0.009674
0.013616
0.007349
0.010568
0.009939
0.007686
0.01194
0.015696
0.010766
0.005268
0.004214
0.014625
0.008656
0.00892
0.007468
0.009047
0.010625
0.012538
0.003161
0.017756
0.010779
0.010524
0.008807
0.014194
0.006205
0.010024
0.011379
0.010181
0.013006
0.008972
0.005273
0.013633
0.010913
0.010992
0.01694
0.008749
0.012839
0.015256
0.009245
0.004856
0.01608
0.012028
0.010596
0.009995
0.010627
0.007066
0.011925
0.005031
0.008867
0.011926
0.009495
0.00934
0.010248
0.005585
0.006838
0.018763
0.010153
0.00976
0.007773
0.004967
0.014012
0.010709
0.00892
0.010436
0.009626
0.011358
0.010917
0.008231
0.00919
0.009131
0.00662
0.009288
0.008836
0.004972
0.017055
0.006237
0.011895
0.010109
0.006372
0.00787
0.011024
0.012345
0.012165
0.006553
0.011628
0.014757
0.012089
0.00642
0.012129
0.007565
0.010017
0.008223
0.013682
0.011568
0.008697
0.010187
0.011024
0.014094
0.008465
0.008795
0.008147
0.01156
0.009964
0.010998
0.012492
0.011883
0.007716
0.010486
0.009175
0.011353
0.010715
0.009517
0.01196
0.011222
0.014756
0.007245
0.006962
0.011934
0.010791
0.011599
0.011414
0.011724
0.012365
0.013638
0.012933
0.011707
0.009094
0.010123
0.010145
0.008276
0.016459
0.013187
0.011486
0.008781
0.010583
0.010579
0.009011
0.009095
0.012851
0.010131
0.013335
0.01099
0.009203
0.007278
0.016834
0.00664
0.007876
0.014138
0.009896
0.011609
0.00879
0.010786
0.009104
0.012105
0.012854
0.007256
0.010779
0.011377
0.005113
0.010877
0.007499
0.007382
0.010633
0.009268
0.017728
0.010746
0.008447
0.010345
0.008571
0.003875
0.007857
0.009189
0.006401
0.006097
0.008053
0.012544
0.007726
0.008888
0.010802
0.007233
0.013872
0.012782
0.010488
0.011624
0.010047
0.007014
0.019291
0.012795
0.015887
0.009328
0.009272
0.009991
0.012521
0.010402
0.011064
0.009538
0.010918
0.012945
0.013949
0.011297
0.011113
0.013169
0.009972
0.007027
0.012739
0.014039
0.015002
0.022161
0.009669
0.006387
0.014828
0.008747
0.003106
0.012026
0.004816
0.009148
0.011824
0.00807
0.015066
0.018617
0.010516
0.009157
0.006538
0.008743
0.007089
0.007521
0.012499
0.006189
0.009037
0.010994
0.011897
0.013049
0.008589
0.011895
0.009413
0.008149
0.012048
0.01016
0.009425
0.01012
0.008012
0.01398
0.006916
0.008539
0.008676
0.013409
0.017012
0.009289
0.017696
0.013154
0.015089
0.016915
0.004407
0.009465
0.013219
0.008427
0.008057
0.012935
0.014029
0.015649
0.006582
0.012446
0.004861
0.010945
0.009752
0.00927
0.009264
0.013779
0.014885
0.013074
0.01292
0.00827
0.009891
0.010644
0.011196
0.011177
0.008305
0.011055
0.00687
0.008863
0.012113
0.005479
0.009443
0.014638
0.00941
0.009378
0.007837
0.007264
0.010445
0.016353
0.007497
0.007645
0.009174
0.009616
0.009274
0.009736
0.007408
0.008403
0.008697
0.012091
0.008049
0.01371
0.007456
0.009127
0.014772
0.01143
0.011452
0.014121
0.00784
0.012214
0.008372
0.010715
0.007473
0.012182
0.013781
0.009267
0.009479
0.008835
0.012657
0.007503
0.007476
0.012746
0.006638
0.009843
0.014382
0.010667
0.004755
0.011278
0.013493
0.005132
0.019474
0.010076
0.00917
0.014523
0.006063
0.009499
0.008306
0.006793
0.013118
0.010654
0.0099
0.011208
0.010128
0.008624
0.007223
0.009845
0.004526
0.015252
0.010537
0.009883
0.009569
0.009134
0.006463
0.014064
0.008007
0.010288
0.009706
0.003008
0.010701
0.017664
0.010766
0.012569
0.015241
0.009934
0.009958
0.007016
0.011573
0.011079
0.011215
0.014985
0.011834
0.010266
0.011273
0.008174
0.012803
0.011009
0.013643
0.009718
0.011513
0.009506
0.0087
0.012656
0.012018
0.008368
0.012776
0.005663
0.006853
0.007192
0.01296
0.009692
0.007445
0.015478
0.005741
0.011609
0.008643
0.008759
0.011732
0.010451
0.009143
0.007006
0.015358
0.00521
0.008632
0.012073
0.010919
0.008105
0.009419
0.008161
0.007111
0.011961
0.013992
0.009069
0.014798
0.011172
0.010089
0.008421
0.010858
0.012185
0.007848
0.005898
0.009468
0.009796
0.009844
0.00733
0.013785
0.009311
0.009689
0.007863
0.01133
0.012263
0.006685
0.01169
0.006891
0.005966
0.011428
0.006785
0.003797
0.011319
0.008879
0.010161
0.012334
0.011879
0.006774
0.008393
0.00938
0.011766
0.009679
0.008055
0.010236
0.017277
0.010817
0.010988
0.009074
0.007238
0.011928
0.012193
0.010696
0.004907
0.010674
0.012294
0.005041
0.012446
0.013382
0.008887
0.00939
0.010877
0.007608
0.00658
0.006806
0.006294
0.008172
0.00826
0.011867
0.015156
0.011198
0.01109
0.007404
0.014605
0.010924
0.014359
0.011813
0.007253
0.007456
0.012382
0.012608
0.011725
0.00413
0.009367
0.011096
0.00641
0.008808
0.011149
0.006992
0.013556
0.009351
0.00957
0.008024
0.011116
0.00858
0.010463
0.008275
0.013848
0.010648
0.010192
0.011176
0.010361
0.013388
0.003844
0.01017
0.011982
0.01248
0.008855
0.009906
0.008126
0.011231
0.009346
0.009118
0.008678
0.010456
