4.59572
0.827523
1.00116
1.037021
0.03442
0.760628
0.004387
1.080535
1.151613
0.419458
1.728745
0.374617
0.455825
0.339218
0.564762
0.021128
0.338337
0.533875
0.35039
0.54106
0.421561
0.004987
0.680128
0.458916
0.704829
0.71349
0.75255
0.308403
0.448824
0.430727
0.226809
0.418214
0.426458
0.304397
0.301573
0.273959
0.28882
0.247028
0.250406
0.267489
0.271782
0.250765
0.281969
0.266679
0.284257
0.247855
0.291333
0.233195
0.255022
0.240391
0.25705
0.264858
0.26292
0.006683
0.284535
0.291429
0.310013
0.256379
0.278178
0.444064
0.446008
0.380719
0.445127
0.422107
0.009038
0.455755
0.397697
0.409216
0.413474
0.437368
0.402702
0.420593
0.40138
0.447378
0.334004
0.463176
0.422322
0.393251
0.382662
0.270119
0.267768
0.263898
0.275369
0.261303
0.005789
0.402028
0.255732
0.331156
0.263828
0.252262
0.248225
0.248438
0.288373
0.285261
0.283696
0.283321
0.242821
0.254312
0.412556
0.244175
0.289496
0.236173
0.288472
0.242613
0.421518
0.306837
0.253862
0.251651
0.259592
0.273482
0.260839
0.457576
0.261009
0.292122
0.256789
0.001936
0.265482
0.252896
0.269194
0.252688
0.003338
0.23849
0.302183
0.004367
0.008474
0.273982
0.012011
0.290231
0.417195
0.004519
0.266217
0.25553
0.230097
0.303741
0.305266
0.26035
0.254831
0.230701
0.236776
0.259776
0.290764
0.258113
0.258292
0.257188
0.009563
0.262821
0.243012
0.258256
0.264944
0.423136
0.266264
0.248801
0.24789
0.258212
0.285574
0.301859
0.254142
0.293575
0.258255
0.277312
0.293739
0.262664
0.001912
0.261333
0.429135
0.269556
0.232028
0.004839
0.258084
0.231255
0.235868
0.427416
0.223843
0.256281
0.005091
0.352498
0.245959
0.211898
0.287027
0.285128
0.27354
0.276235
0.283419
0.338781
0.259977
0.293248
0.001583
0.31857
0.295875
0.425259
0.283161
0.449256
0.27198
0.273402
0.263236
0.25595
0.246781
0.244708
0.251545
0.277306
0.28619
0.001664
0.288767
0.431662
0.44
0.259075
0.260658
0.296739
0.262628
0.282564
0.005632
0.272709
0.26285
0.299891
0.267192
0.238121
0.00271
0.279773
0.26219
0.228432
0.249106
0.269801
0.278765
0.287302
0.384686
0.290894
0.296101
0.310196
0.004694
0.262865
0.251348
0.270834
0.266635
0.278359
0.243097
0.300298
0.003487
0.228345
0.005083
0.283511
0.287979
0.293287
0.284659
0.279818
0.284523
0.28965
0.285295
0.269564
0.253627
0.002005
0.249129
0.310773
0.255327
0.005289
0.342049
0.281013
0.281513
0.263866
0.358676
0.270349
0.281757
0.255197
0.232429
0.278703
0.290145
0.238499
0.257619
0.296183
0.214508
0.243217
0.259299
0.260482
0.252869
0.260731
0.25262
0.292999
0.322176
0.261497
0.290088
0.001597
0.002532
0.276861
0.295672
0.312706
0.252646
0.245845
0.291307
0.294028
0.268013
0.27907
0.278123
0.287124
0.265062
0.281736
0.304458
0.003518
0.28732
0.273049
0.274596
0.250731
0.243148
0.280669
0.256302
0.304347
0.253796
0.263601
0.295913
0.279218
0.248223
0.233054
0.006868
0.322083
0.23792
0.270574
0.29289
0.260724
0.005174
0.240961
0.266989
0.002615
0.261514
0.252949
0.24636
0.276042
0.301387
0.265212
0.241635
0.298195
0.256524
0.292826
0.25579
0.260986
0.251343
0.286737
0.265291
0.354247
0.267044
0.27079
0.276752
0.435798
0.265458
0.270756
0.23755
0.457884
0.376721
0.012801
0.304958
0.239883
0.276708
0.264416
0.285721
0.272939
0.273524
0.279302
0.250697
0.242118
0.281327
0.253343
0.268117
0.002222
0.274856
0.282183
0.250869
0.287871
0.276189
0.261941
0.299531
0.22667
0.43
0.28701
0.235098
0.272248
0.268935
0.239325
0.297482
0.257289
0.249905
0.254483
0.257116
0.265303
0.279798
0.250608
0.261576
0.270844
0.233125
0.256167
0.28389
0.271469
0.290993
0.305697
0.266656
0.300126
0.264882
0.300986
0.00164
0.002956
0.285355
0.248074
0.261517
0.295508
0.251759
0.305745
0.236454
0.282876
0.251309
0.244544
0.292285
0.288859
0.250963
0.357109
0.309746
0.259743
0.26251
0.302198
0.255824
0.303397
0.28234
0.268405
0.250995
0.256158
0.247347
0.282231
0.258098
0.004121
0.312421
0.247897
0.257417
0.273184
0.262821
0.258819
0.275152
0.258743
0.238995
0.271286
0.282149
0.292445
0.287563
0.268128
0.00277
0.271724
0.246257
0.270369
0.25919
0.240612
0.28349
0.25476
0.287205
0.271059
0.259757
0.280316
0.275226
0.281137
0.260724
0.221054
0.276554
0.254676
0.311568
0.274327
0.299938
0.235907
0.263924
0.265248
0.285045
0.282339
0.00475
0.247972
0.005077
0.002632
0.239433
0.281164
0.249757
0.272441
0.332473
0.227715
0.261078
0.24805
0.272236
0.289341
0.275336
0.271501
0.310512
0.285646
0.277571
0.261659
0.298936
0.262871
0.243091
0.225757
0.260745
0.245212
0.249826
0.265076
0.265074
0.278459
0.275151
0.276369
0.318797
0.274858
0.257217
0.293032
0.298637
0.243532
0.269462
0.274543
0.295468
0.286941
0.251837
0.279477
0.255713
0.265178
0.224662
0.232709
0.297439
0.259883
0.26299
0.236399
0.300696
0.264532
0.267728
0.25916
0.256559
0.005531
0.335347
0.27225
0.25071
0.508803
0.304521
0.257693
0.242776
0.257487
0.404296
0.277329
0.240137
0.270938
0.287312
0.300972
0.247427
0.285017
0.290156
0.285573
0.239686
0.316032
0.451235
0.279428
0.248638
0.26267
0.242831
0.005118
0.267905
0.24169
0.274618
0.438709
0.26105
0.005953
0.234818
0.291025
0.258959
0.242331
0.266774
0.265118
0.255867
0.27603
0.27669
0.002559
0.246455
0.274671
0.299229
0.273426
0.25339
0.270102
0.26251
0.267657
0.003372
0.245325
0.286169
0.235761
0.235286
0.285428
0.299819
0.229913
0.270974
0.330538
0.278979
0.003449
0.45042
0.274978
0.24713
0.266934
0.002377
0.31333
0.266882
0.235362
0.290299
0.229939
0.232723
0.267306
0.280504
0.242504
0.264062
0.23789
0.29206
0.293156
0.006786
0.315617
0.001804
0.301058
0.224988
0.27965
0.004272
0.366564
0.003173
0.239617
0.261293
0.252241
0.274576
0.273464
0.281622
0.289431
0.292575
0.270383
0.228612
0.271841
0.275922
0.274099
0.27665
0.277818
0.266308
0.238871
0.004818
0.283471
0.314521
0.254326
0.267252
0.270615
0.248053
0.271948
0.290011
0.273701
0.007592
0.257083
0.234459
0.275321
0.271239
0.272158
0.263514
0.263437
0.267489
0.300336
0.233396
0.287741
0.412559
0.280688
0.240299
0.277541
0.008346
0.275502
0.260472
0.242438
0.303609
0.007291
0.256898
0.267667
0.276828
0.292494
0.24898
0.295273
0.271361
0.255698
0.256302
0.435706
0.281288
0.253572
0.006392
0.250869
0.281121
0.005554
0.263923
0.244381
0.309293
0.286603
0.248825
0.306345
0.284346
0.274418
0.298244
0.279645
0.005448
0.309896
0.238816
0.276618
0.231733
0.266042
0.295022
0.305614
0.25408
0.265703
0.289472
0.273866
0.260423
0.255244
0.26492
0.258525
0.238391
0.001773
0.290401
0.257789
0.268121
0.253393
0.259698
0.25053
0.259753
0.292958
0.248032
0.26612
0.280688
0.270402
0.331056
0.27098
0.295498
0.265631
0.287541
0.467059
0.235574
0.270696
0.261146
0.259828
0.265656
0.28359
0.360139
0.295644
0.284177
0.276066
0.297111
0.229254
0.259933
0.002761
0.248026
0.260697
0.251355
0.243289
0.277625
0.24409
0.276398
0.218336
0.233044
0.279397
0.247859
0.2742
0.282986
0.440665
0.262082
0.272493
0.272731
0.245272
0.255345
0.257712
0.281355
0.250723
0.233649
0.239762
0.300974
0.241516
0.234944
0.304566
0.27488
0.002427
0.304345
0.247253
0.273675
0.292456
0.256887
0.276209
0.257643
0.263605
0.264222
0.429406
0.231507
0.257152
0.236747
0.279464
0.293116
0.230908
0.272562
0.305361
0.25502
0.26053
0.297141
0.284127
0.26731
0.249342
0.283969
0.2589
0.256783
0.244543
0.266996
0.24876
0.255442
0.23352
0.426835
0.457754
0.250679
0.226178
0.271925
0.285645
0.25625
0.261799
0.25177
0.002207
0.278418
0.26029
0.31246
0.26463
0.261591
0.285707
0.256726
0.268687
0.284363
0.286382
0.296224
0.005692
0.269766
0.002902
0.271057
0.262114
0.256023
0.268387
0.428384
0.258605
0.003561
0.294581
0.00832
0.274138
0.230894
0.27731
0.253096
0.242682
0.227075
0.26296
0.268867
0.247499
0.247401
0.279639
0.274235
0.257922
0.268266
0.299746
0.281096
0.271359
0.254695
0.36286
0.25467
0.279402
0.268544
0.300277
0.272936
0.296036
0.266168
0.004677
0.255923
0.251692
0.26247
0.296518
0.264134
0.275521
0.274163
0.261363
0.240767
0.283803
0.287894
0.270018
0.269778
0.2532
0.357079
0.275957
0.282923
0.285453
0.469969
0.240016
0.274316
0.248707
0.239729
0.295303
0.276954
0.246076
0.235157
0.285617
0.268283
0.259175
0.002749
0.303523
0.239945
0.27909
0.006403
0.284499
0.255671
0.004931
0.261988
0.261162
0.458911
0.256262
0.246842
0.251237
0.006794
0.280837
0.272999
0.27778
0.287235
0.280882
0.004659
0.267349
0.329776
0.287167
0.255678
0.006281
0.260436
0.337054
0.294748
0.418237
0.427983
0.481259
0.41372
0.410339
0.247037
0.248003
0.413587
0.295485
0.248189
0.283406
0.007952
0.312174
0.243726
0.280872
0.246981
0.27197
0.262764
0.240029
0.230164
0.248368
0.292866
0.29703
0.274299
0.247898
0.2533
0.299722
0.279402
0.009986
0.274044
0.307237
0.284801
0.273856
0.26452
0.243908
0.268006
0.002147
0.275417
0.291921
0.247789
0.246156
0.260799
0.278103
0.240446
0.259407
0.317379
0.247932
0.270006
0.313623
0.327848
0.00863
0.254216
0.319909
0.297822
0.27319
0.275435
0.282234
0.272855
0.240095
0.008839
0.320076
0.263652
0.262978
0.301375
0.218561
0.286714
0.270495
0.004575
0.25486
0.269271
0.300505
0.292019
0.260132
0.280985
0.258149
0.283263
0.321652
0.261382
0.007648
0.302243
0.254681
0.275129
0.003179
0.232558
0.260224
0.282734
0.281845
0.257446
0.291933
0.242118
0.289394
0.004761
0.303994
0.287492
0.29284
0.276953
0.304764
0.228666
0.275093
0.38946
0.249349
0.279574
0.268583
0.240597
0.287546
0.002726
0.430748
0.261695
0.438784
0.304935
0.222664
0.005171
0.239905
0.273121
0.003067
0.295098
0.276501
0.271555
0.261739
0.286158
0.238605
0.245996
0.396342
0.295005
0.246508
0.280057
0.295699
0.281008
0.255346
0.318562
0.2714
0.281581
0.288299
0.318845
0.255537
0.244829
0.259404
0.302906
0.255226
0.005756
0.296077
0.325585
0.277613
0.269011
0.302438
0.385386
0.296381
0.277575
0.303423
0.280221
0.260643
0.249573
0.279819
0.275934
0.266648
0.409497
0.296036
0.256812
0.274522
0.303584
0.261562
0.274387
0.295167
0.249988
0.260102
0.27327
0.256539
0.282243
0.258716
0.277228
0.399512
0.278604
0.236818
0.225286
0.227111
0.290927
0.245063
0.275207
0.228875
0.278335
0.270227
0.269215
0.262063
0.266588
0.225525
0.311657
0.260277
0.229497
0.251866
0.005433
0.381369
0.263747
0.291357
0.254618
0.241535
0.261942
0.266897
0.298277
0.242215
0.299349
0.395186
0.254921
0.280772
0.243612
0.282954
0.252387
0.296499
0.252885
0.231142
0.233483
0.259822
0.291329
0.265666
0.008161
0.272025
0.291173
0.289788
0.281937
0.008629
0.321118
0.002266
0.281666
0.28073
0.236178
0.2899
0.268358
0.2262
0.224536
0.274982
0.278781
0.27353
0.26768
0.268039
0.257209
0.003007
0.288502
0.260295
0.25778
0.272228
0.224339
0.274022
0.284732
0.274759
0.266563
0.266119
0.254327
0.277837
0.227759
0.251873
0.250998
0.308121
0.298698
0.282911
0.278707
0.265643
0.270445
0.245047
0.272183
0.309045
0.250944
0.005771
0.251785
0.245494
0.278128
0.261792
0.262099
0.257499
0.007951
0.273789
0.279519
0.243983
0.001844
0.274649
0.264651
0.264103
0.264895
0.252073
0.247758
0.247445
0.266751
0.293768
0.266371
0.296021
0.260113
0.306204
0.277615
0.006274
0.00725
0.277027
0.289701
0.256478
0.270011
0.295724
0.278502
0.279775
0.27762
0.291516
0.271154
0.263696
0.266497
0.253264
0.006889
0.234982
0.28857
0.002009
0.002584
0.250596
0.262803
0.252159
0.262886
0.260121
0.247241
0.275143
0.229306
0.250456
0.279769
0.2177
0.004965
0.256504
0.437988
0.245534
0.363891
0.240486
0.260946
0.254726
0.00402
0.25104
0.277328
0.263166
0.244665
0.285701
0.276619
0.257527
0.259358
0.299662
0.245503
0.273156
0.266092
0.286124
0.285947
0.258018
0.283782
0.244532
0.265062
0.430051
0.251993
0.252968
0.25916
0.004169
0.277904
0.296186
0.247605
0.244045
0.231039
0.297838
0.263333
0.242005
0.401903
0.243442
0.284121
0.297717
0.292053
0.235789
0.394949
0.253528
0.414225
0.279317
0.43658
0.263363
0.236072
0.281249
0.314583
0.266243
0.307951
0.272703
0.256033
0.272484
0.261071
0.271236
0.251451
0.311135
0.266141
0.229915
0.283275
0.274858
0.263071
0.459444
0.231056
0.292729
0.314336
0.238308
0.242519
0.289058
0.231813
0.006811
0.287476
0.296762
0.273647
0.285948
0.003729
0.295736
0.294653
0.251944
0.23587
0.273794
0.007887
0.292538
0.476346
0.240462
0.258723
0.274109
0.289808
0.293336
0.305786
0.251885
0.234825
0.227479
0.305219
0.287984
0.271758
0.267069
0.295254
0.275369
0.227752
0.268781
0.285506
0.249376
0.275916
0.233886
0.245533
0.27788
0.003657
0.268497
0.003177
0.229746
0.261516
0.006783
0.2288
0.248065
0.283603
0.009041
0.004572
0.273121
0.003217
0.264921
0.273347
0.239412
0.249203
0.252637
0.261977
0.268849
0.271288
0.275313
0.296044
0.306577
0.311035
0.281768
0.255592
0.234389
0.269659
0.23209
0.253867
0.237122
0.30146
0.274452
0.251449
0.271422
0.315611
0.307273
0.261462
0.277418
0.241437
0.271102
0.22745
0.278531
0.002754
0.002132
0.252486
0.267731
0.228265
0.009762
0.302263
0.286669
0.279805
0.291801
0.003636
0.25578
0.252284
0.262494
0.275972
0.008811
0.002284
0.276031
0.306606
0.29469
0.261165
0.234051
0.27453
0.252856
0.262024
0.251453
0.254961
0.234363
0.281624
0.290811
0.396185
0.322044
0.28163
0.271139
0.282769
0.241418
0.26617
0.31064
0.26616
0.299328
0.264427
0.255756
0.226102
0.252439
0.266154
0.004288
0.235312
0.28942
0.317496
0.299038
0.296012
0.295114
0.261063
0.247235
0.257411
0.247508
0.271323
0.263586
0.260704
0.243133
0.284309
0.277114
0.282262
0.268938
0.230893
0.30278
0.246379
0.2729
0.277032
0.272668
0.273276
0.269992
0.285321
0.304061
0.264022
0.256027
0.231865
0.238148
0.282033
0.237863
0.24124
0.254962
0.340485
0.278726
0.299073
0.30343
0.001575
0.24994
0.24827
0.006486
0.250299
0.00221
0.004192
0.240442
0.427174
0.290586
0.245285
0.297389
0.30582
0.267929
0.252291
0.28887
0.288731
0.292765
0.273506
0.297224
0.267604
0.273014
0.002791
0.230207
0.293243
0.256704
0.2595
0.284002
0.272813
0.248711
0.2605
0.254308
0.272159
0.253361
0.2616
0.234925
0.264524
0.247033
0.264193
0.003636
0.278268
0.241552
0.267806
0.254393
0.252411
0.298299
0.003769
0.247734
0.222319
0.276847
0.279208
0.002547
0.288883
0.297971
0.266411
0.262786
0.268908
0.270696
0.266483
0.306382
0.2338
0.244038
0.280655
0.001434
0.248184
0.276807
0.257332
0.265966
0.238319
0.324252
0.277383
0.300576
0.003625
0.281583
0.280972
0.240376
0.314004
0.237257
0.297457
0.246477
0.406064
0.250704
0.250774
0.257731
0.269764
0.314138
0.269926
0.254601
0.291441
0.263737
0.003387
0.278378
0.261242
0.276216
0.265359
0.281973
0.290705
0.319997
0.26832
0.247941
0.291561
0.2631
0.289457
0.287278
0.249762
0.270721
0.003343
0.281273
0.270824
0.262097
0.277489
0.006009
0.282254
0.27082
0.258147
0.280042
0.278784
0.272243
0.391475
0.307357
0.283755
0.255337
0.225809
0.285832
0.007645
0.250668
0.319605
0.288557
0.242318
0.225735
0.268375
0.248429
0.251452
0.286393
0.269631
0.260764
0.443159
0.287352
0.266327
0.247906
0.233064
0.263531
0.232533
0.005318
0.253029
0.265454
0.239975
0.25566
0.275521
0.003207
0.001928
0.237219
0.272383
0.384884
0.283447
0.218094
0.281422
0.24381
0.27621
0.226857
0.273229
0.272799
0.283589
0.284869
0.241173
0.261892
0.24133
0.295311
0.256467
0.240823
0.273443
0.30405
0.26061
0.425905
0.297967
0.285424
0.278596
0.233476
0.290778
0.261612
0.273441
0.295465
0.291675
0.252652
0.283142
0.253807
