76.06442
3.804758
0.804272
0.804639
0.014909
0.976261
0.006206
0.84627
1.275696
0.573025
2.028132
1.200891
0.725066
0.418432
0.671642
0.024399
0.391254
0.669242
0.3981
0.605256
0.678808
0.008251
0.400989
0.368527
0.373865
0.713525
0.697924
0.652346
0.341067
0.51703
0.330052
0.314428
0.532811
0.462619
0.288789
0.360272
0.358657
0.280547
0.323112
0.362033
0.298318
0.320075
0.481568
0.332225
0.257868
0.373744
0.320376
0.296414
0.365594
0.354284
0.329446
0.507944
0.342102
0.004505
0.300574
0.305707
0.461226
0.365245
0.264659
0.354913
0.479739
0.567248
0.528514
0.486278
0.021151
0.537603
0.568462
0.502656
0.511559
0.566318
0.430864
0.520848
0.449654
0.494689
0.305961
0.471789
0.515999
0.632849
0.485715
0.512358
0.294448
0.333634
0.293821
0.321379
0.006174
0.553166
0.468238
0.336832
0.317887
0.283972
0.276647
0.332303
0.360231
0.355174
0.345292
0.547542
0.272973
0.30558
0.349283
0.276423
0.321885
0.336014
0.279389
0.329532
0.31823
0.308446
0.268691
0.280881
0.350587
0.319161
0.345497
0.314955
0.380902
0.334397
0.523931
0.006593
0.462997
0.390451
0.358129
0.296524
0.00191
0.325757
0.31696
0.003523
0.006181
0.454443
0.0105
0.44348
0.479307
0.00187
0.351576
0.317905
0.27547
0.314001
0.320754
0.344676
0.29536
0.323273
0.26192
0.288858
0.306223
0.32763
0.328276
0.328269
0.010124
0.347336
0.354276
0.342877
0.322505
0.308808
0.321819
0.327048
0.355223
0.329812
0.348141
0.328859
0.30698
0.299347
0.332325
0.313703
0.295843
0.330594
0.00392
0.292647
0.350592
0.377308
0.295757
0.006204
0.350561
0.309376
0.281775
0.295212
0.331295
0.296395
0.012523
0.316602
0.339505
0.382073
0.352242
0.381044
0.355637
0.321593
0.496381
0.270694
0.336608
0.262128
0.0112
0.274721
0.372734
0.328354
0.390285
0.331034
1.067365
0.342715
0.30459
0.359744
0.291062
0.327217
0.262369
0.311337
0.293487
0.004034
0.292159
0.2636
0.308566
0.46733
0.276066
0.300773
0.291082
0.308363
0.009489
0.2927
0.281911
0.327641
0.32267
0.297148
0.008051
0.261968
0.36644
0.32858
0.3309
0.29853
0.320632
0.252111
0.298586
0.283793
0.328371
0.346075
0.002028
0.347208
0.366815
0.29172
0.341373
0.339882
0.284221
0.292129
0.00718
0.300355
0.00254
0.286725
0.337221
0.340809
0.346674
0.313063
0.331602
0.344832
0.302007
0.295802
0.332844
0.003278
0.310367
0.288221
0.331934
0.006255
0.313394
0.519862
0.358526
0.322814
0.306349
0.312749
0.275731
0.315024
0.252107
0.289489
0.34636
0.427943
0.495985
0.302628
0.327926
0.442342
0.326606
0.330413
0.300289
0.334033
0.326855
0.289758
0.259366
0.330724
0.284294
0.006907
0.002457
0.374361
0.300877
0.349466
0.280963
0.320355
0.366369
0.314366
0.453442
0.307518
0.289298
0.368305
0.314279
0.396289
0.336861
0.010826
0.282908
0.329939
0.343451
0.312111
0.29516
0.330009
0.336262
0.324389
0.299477
0.364972
0.317678
0.301018
0.342935
0.292204
0.013007
0.319621
0.322529
0.272312
0.33273
0.32047
0.007272
0.37408
0.352205
0.00391
0.323649
0.319692
0.286015
0.47568
0.278276
0.303768
0.334425
0.323379
0.280252
0.32871
0.306721
0.314816
0.29478
0.356858
0.353573
0.279376
0.311065
0.288221
0.293265
0.286301
0.307311
0.282821
0.340767
0.306057
0.452937
0.015796
0.500834
0.305527
0.280234
0.26022
0.329155
0.333869
0.312469
0.343475
0.276474
0.318864
0.365204
0.380425
0.351024
0.002387
0.307476
0.2932
0.291852
0.270981
0.296718
0.423387
0.318402
0.364869
0.323993
0.33403
0.303423
0.320172
0.272684
0.333775
0.305769
0.288929
0.264557
0.350056
0.290053
0.326331
0.278868
0.335895
0.332237
0.344835
0.353322
0.295832
0.29326
0.33798
0.261608
0.351033
0.336032
0.279994
0.546639
0.336615
0.002187
0.009725
0.328549
0.322029
0.459186
0.370832
0.293776
0.266211
0.382711
0.322575
0.326192
0.290306
0.30828
0.315176
0.312219
0.28825
0.346864
0.306201
0.366412
0.370889
0.349288
0.325729
0.270495
0.318905
0.285628
0.266224
0.300965
0.32317
0.282207
0.010614
0.329073
0.300313
0.269698
0.289482
0.297031
0.340433
0.487815
0.321637
0.376842
0.322582
0.272902
0.261324
0.339667
0.304942
0.007909
0.328903
0.317125
0.351184
0.394001
0.4302
0.291707
0.334324
0.338355
0.303284
0.283991
0.379615
0.318767
0.349454
0.276551
0.31378
0.356191
0.365747
0.317368
0.309366
0.30513
0.268762
0.335056
0.479654
0.315787
0.33668
0.00642
0.311564
0.003704
0.004026
0.306895
0.334278
0.307348
0.31332
0.334638
0.355459
0.311354
0.3418
0.340495
0.332043
0.336176
0.3371
0.313588
0.293342
0.280999
0.331805
0.335419
0.312841
0.345166
0.327992
0.301223
0.325671
0.271852
0.366265
0.533886
0.284228
0.312283
0.370613
0.320717
0.272737
0.334332
0.361373
0.252323
0.317785
0.315006
0.335641
0.412736
0.268443
0.481096
0.261951
0.332453
0.356205
0.292145
0.314231
0.344119
0.339421
0.332367
0.294148
0.334827
0.300929
0.273359
0.335566
0.349549
0.002649
0.359137
0.291424
0.361654
0.29904
0.278152
0.261696
0.332304
0.340127
0.327714
0.2972
0.471327
0.343041
0.285022
0.341078
0.275814
0.326186
0.297153
0.34597
0.264529
0.35984
0.346165
0.40602
0.279631
0.330952
0.321966
0.008127
0.318047
0.320828
0.326362
0.283356
0.355667
0.004101
0.307288
0.286733
0.330229
0.292607
0.34468
0.297178
0.322715
0.285914
0.268077
0.008581
0.299727
0.336068
0.283611
0.339394
0.292497
0.266468
0.332535
0.350769
0.007214
0.46361
0.346565
0.32702
0.354742
0.305393
0.380356
0.300174
0.290652
0.328027
0.306955
0.002284
0.332341
0.353301
0.30554
0.378592
0.006661
0.309783
0.2776
0.324176
0.280944
0.325697
0.384412
0.30966
0.338459
0.377496
0.301697
0.325384
0.35116
0.329181
0.004587
0.309324
0.002481
0.309874
0.30719
0.326089
0.006365
0.29655
0.005787
0.246707
0.326009
0.292925
0.338122
0.387509
0.332102
0.280097
0.374787
0.352941
0.26763
0.349965
0.399498
0.353291
0.294765
0.311528
0.316635
0.316651
0.002935
0.339205
0.307343
0.328506
0.280943
0.327971
0.340717
0.306979
0.303891
0.450418
0.003264
0.359891
0.285992
0.372461
0.347754
0.345178
0.331689
0.279837
0.318071
0.343624
0.35684
0.321396
0.312165
0.295834
0.312184
0.300634
0.010461
0.298988
0.358883
0.309706
0.328959
0.00828
0.271466
0.351729
0.307959
0.32939
0.290857
0.377118
0.310439
0.260056
0.322378
0.307481
0.272937
0.378461
0.008162
0.311271
0.338758
0.008317
0.337651
0.324149
0.297589
0.279147
0.31294
0.31434
0.354469
0.304048
0.288304
0.320457
0.006835
0.296813
0.314344
0.317017
0.283206
0.302646
0.299215
0.302588
0.449369
0.288516
0.304814
0.294802
0.317623
0.342429
0.301442
0.330443
0.398619
0.006056
0.464103
0.302005
0.302347
0.327221
0.324458
0.280032
0.304891
0.358251
0.41554
0.313143
0.292576
0.356294
0.329823
0.292058
0.305516
0.276589
0.322056
0.341951
0.307663
0.352023
0.342321
0.333538
0.290393
0.319406
0.330346
0.296162
0.318255
0.312422
0.326122
0.358454
0.294999
0.003232
0.330532
0.294255
0.507037
0.352632
0.26945
0.357492
0.346313
0.313099
0.316171
0.326074
0.318489
0.307351
0.300416
0.331374
0.293273
0.2905
0.262207
0.2753
0.311303
0.249194
0.306974
0.263551
0.329351
0.324102
0.319539
0.313256
0.327228
0.395011
0.320165
0.002007
0.320417
0.323061
0.280325
0.397447
0.300248
0.313544
0.382592
0.379985
0.261344
0.310779
0.344741
0.295964
0.361165
0.319205
0.315156
0.337986
0.327103
0.322135
0.305434
0.311798
0.326905
0.298467
0.309198
0.357268
0.280704
0.313961
0.439728
0.289272
0.362078
0.272516
0.293037
0.319062
0.392831
0.281098
0.344273
0.307871
0.330596
0.333266
0.299776
0.271666
0.331631
0.005757
0.323906
0.303238
0.299577
0.393487
0.294853
0.34914
0.307986
0.338455
0.334113
0.399202
0.353308
0.009131
0.438313
0.008979
0.33234
0.294715
0.401994
0.314365
0.306437
0.319077
0.002526
0.330669
0.005946
0.296147
0.361329
0.293274
0.335427
0.360557
0.253219
0.316369
0.308678
0.260579
0.280752
0.346256
0.29042
0.361709
0.317045
0.352176
0.324069
0.346058
0.332324
0.473527
0.329861
0.314024
0.305856
0.514555
0.281958
0.304178
0.289705
0.002726
0.34341
0.345255
0.327295
0.361638
0.334235
0.311742
0.347553
0.352514
0.300034
0.282002
0.419527
0.293571
0.331222
0.332847
0.339874
0.322696
0.391506
0.366474
0.352355
0.315313
0.381855
0.264367
0.30844
0.35031
0.354268
0.312656
0.362121
0.343103
0.368969
0.406697
0.012443
0.346259
0.32648
0.296305
0.006881
0.281588
0.324654
0.003716
0.298451
0.333936
0.31029
0.324669
0.306336
0.510119
0.003264
0.29495
0.329043
0.325097
0.268675
0.297112
0.00799
0.317492
0.333814
0.32056
0.350644
0.011519
0.316043
0.275871
0.462067
0.310485
0.449734
0.482822
0.47732
0.501828
1.943509
0.310097
0.317216
0.312349
0.387266
0.366466
0.004557
0.339695
0.358694
0.26339
0.333411
0.35591
0.293388
0.353445
0.346118
0.32257
0.363309
0.286205
0.349836
0.320668
0.267806
0.308843
0.341359
0.006599
0.365684
0.318136
0.386815
0.373599
0.323343
0.361672
0.306334
0.004077
0.39306
0.315619
0.34916
0.323525
0.368267
0.336743
0.331138
0.34977
0.243932
0.282732
0.314518
0.292166
0.282042
0.002159
0.32021
0.324579
0.279829
0.334691
0.566042
0.29948
0.335188
0.352589
0.003047
0.300622
0.285593
0.305625
0.303717
0.282755
0.261127
0.370919
0.002637
0.314616
0.399228
0.349965
0.353376
0.315009
0.289827
0.329783
0.323451
0.424318
0.333814
0.006731
0.307871
0.304366
0.325576
0.006696
0.330685
0.357965
0.276429
0.287723
0.296249
0.272289
0.319295
0.323533
0.00318
0.318455
0.346692
0.297668
0.368957
0.334816
0.29807
0.312275
0.340201
0.309393
0.323874
0.300875
0.262281
0.28721
0.00637
0.318632
0.31757
0.35526
0.284325
0.319828
0.003013
0.360407
0.360699
0.009793
0.307594
0.309884
0.323174
0.272514
0.34876
0.391522
0.333033
0.257676
0.290064
0.299319
0.580391
0.314845
0.309414
0.277444
0.316814
0.333583
0.340925
0.370592
0.30179
0.335827
0.444285
0.305916
0.286284
0.380032
0.009189
0.35126
0.272156
0.263369
0.328521
0.548608
0.27373
0.317698
0.348547
0.325925
0.323126
0.26941
0.289312
0.329078
0.325163
0.303622
0.289825
0.287565
0.294853
0.357687
0.319436
0.340849
0.341918
0.300596
0.347547
0.319341
0.322131
0.301486
0.352214
0.487473
0.295072
0.275052
0.326188
0.338616
0.348152
0.32361
0.315511
0.304809
0.338202
0.356423
0.343291
0.313266
0.336379
0.308135
0.466641
0.342091
0.34995
0.335042
0.313565
0.310875
0.002367
0.2792
0.308192
0.323243
0.309456
0.284592
0.328592
0.313328
0.392347
0.309843
0.392335
0.336478
0.332078
0.329441
0.298797
0.306666
0.312319
0.338942
0.284936
0.322997
0.345303
0.25964
0.317494
0.300334
0.005388
0.314053
0.340496
0.277042
0.333848
0.009261
0.277887
0.005296
0.33153
0.296071
0.285227
0.310909
0.347775
0.310994
0.308423
0.313593
0.288205
0.333815
0.340121
0.328911
0.306137
0.003017
0.50158
0.291614
0.300608
0.319502
0.282613
0.372379
0.295119
0.336294
0.303069
0.324805
0.279175
0.368857
0.339564
0.283289
0.279652
0.374456
0.311995
0.328737
0.340565
0.272038
0.293852
0.329555
0.498091
0.352414
0.322597
0.008788
0.342688
0.359059
0.32311
0.300119
0.333487
0.343898
0.002599
0.331965
0.340104
0.313309
0.009312
0.326624
0.337046
0.25841
0.289173
0.291641
0.301496
0.281904
0.357921
0.308545
0.302998
0.373385
0.33531
0.290751
0.319305
0.00443
0.006154
0.319914
0.294111
0.365571
0.35907
0.332408
0.341616
0.350031
0.334852
0.301174
0.271166
0.37933
0.330999
0.421374
0.011462
0.344864
0.332044
0.007
0.003786
0.320202
0.316581
0.275943
0.31522
0.279816
0.305501
0.280826
0.322649
0.319138
0.343748
0.28358
0.005731
0.27394
0.293118
0.370355
0.350063
0.307547
0.293701
0.327789
0.004065
0.317586
0.324126
0.349773
0.297368
0.307007
0.33952
0.314218
0.369168
0.434178
0.367486
0.29979
0.292103
0.347311
0.310015
0.289995
0.366668
0.269289
0.3414
0.294295
0.333069
0.293834
0.288197
0.010094
0.300262
0.283028
0.303426
0.322184
0.373688
0.313331
0.341167
0.295806
0.293816
0.280852
0.399473
0.313776
0.304553
0.313133
0.364117
0.325043
0.300577
0.51598
0.305579
0.294793
0.324289
0.323612
0.261227
0.298573
0.32523
0.300036
0.286999
0.321476
0.262018
0.311087
0.300187
0.302496
0.343828
0.317377
0.334274
0.38523
0.311243
0.339283
0.334463
0.27756
0.321674
0.312505
0.357821
0.289818
0.365874
0.010184
0.306341
0.579587
0.328561
0.27654
0.007962
0.304118
0.268997
0.36965
0.301852
0.267156
0.003522
0.324337
0.318596
0.295204
0.361902
0.374749
0.315852
0.530907
0.333098
0.319146
0.268006
0.283754
0.27966
0.295074
0.309059
0.345224
0.307809
0.286211
0.372884
0.339138
0.439044
0.323729
0.307691
0.306016
0.351958
0.347691
0.005472
0.272585
0.007414
0.310903
0.302579
0.012346
0.305866
0.273315
0.279231
0.010261
0.007718
0.263842
0.004143
0.291292
0.329289
0.312716
0.331809
0.298599
0.317423
0.343257
0.444945
0.29498
0.327326
0.332872
0.297438
0.331343
0.413746
0.280111
0.533587
0.328925
0.305518
0.303961
0.332964
0.276505
0.294466
0.507135
0.291293
0.335163
0.318475
0.360939
0.342359
0.32574
0.294399
0.369321
0.002183
0.010913
0.369639
0.316263
0.270242
0.012384
0.313806
0.306764
0.29107
0.275776
0.009287
0.345905
0.31715
0.328026
0.322962
0.006349
0.002936
0.350968
0.310304
0.337665
0.31019
0.325058
0.295087
0.27513
0.325889
0.313825
0.39086
0.352066
0.32313
0.337461
0.278668
0.290412
0.311568
0.275686
0.367442
0.307498
0.298073
0.309057
0.26292
0.32539
0.311282
0.372787
0.277633
0.325298
0.26918
0.00289
0.356098
0.334793
0.392877
0.381305
0.32821
0.533611
0.317343
0.375635
0.324362
0.288029
0.335244
0.310274
0.291209
0.306284
0.362356
0.326933
0.263825
0.36592
0.352664
0.272624
0.438604
0.325751
0.327796
0.318986
0.452971
0.38383
0.55362
0.366807
0.387218
0.354767
0.297011
0.312162
0.289014
0.308841
0.344601
0.282303
0.281963
0.295989
0.319758
0.305999
0.002486
0.29607
0.327635
0.001859
0.297564
0.007949
0.004559
0.350091
0.516497
0.317314
0.376523
0.44501
0.301934
0.429398
0.322078
0.346818
0.32753
0.265828
0.354264
0.345435
0.293273
0.324813
0.009688
0.318207
0.366394
0.288967
0.318941
0.447852
0.327922
0.288416
0.306838
0.361736
0.382409
0.373201
0.301797
0.37355
0.34398
0.310346
0.281565
0.002432
0.530774
0.553705
0.300637
0.467811
0.325273
0.314345
0.007471
0.292392
0.323554
0.319038
0.268345
0.006555
0.317919
0.416001
0.263689
0.318474
0.303662
0.340941
0.445806
0.29141
0.301354
0.321259
0.358462
0.005238
0.318649
0.310722
0.329089
0.358107
0.344894
0.371002
0.476387
0.280109
0.009425
0.292971
0.322326
0.321735
0.297929
0.46787
0.297191
0.375435
0.272716
0.327214
0.336894
0.346183
0.303749
0.323514
0.266129
0.419411
0.298255
0.379287
0.003762
0.341094
0.268473
0.368992
0.358608
0.289793
0.390628
0.321579
0.36502
0.329643
0.462259
0.346799
0.321814
0.325065
0.460637
0.339637
0.002829
0.303552
0.502254
0.555423
0.302134
0.00774
0.455233
0.280398
0.370675
0.329276
0.352889
0.289268
0.333267
0.41422
0.459598
0.52155
0.484395
0.288493
0.004127
0.363773
0.37677
0.357262
0.471476
0.385891
0.33324
0.367451
0.455858
0.410698
0.336227
0.46337
0.322635
0.331126
0.3181
0.274082
0.271072
0.394047
0.427495
0.010008
0.328783
0.3918
0.327696
0.29432
0.325723
0.007238
0.002381
0.416558
0.364114
0.288663
0.335538
0.32744
0.323564
0.315528
0.291636
0.337128
0.342354
0.336922
0.349955
0.312246
0.396944
0.406328
0.330387
0.359216
0.416746
0.531473
0.322485
0.295224
0.304242
0.341821
0.351848
0.397291
0.278776
0.313408
0.330024
0.251379
0.402171
0.342134
0.365735
0.267797
0.314593
0.317644
