0.944055
0.504557
0.26933
0.379211
0.352961
0.307479
0.182593
0.130376
0.262807
0.303776
0.348643
0.091088
0.099016
0.06159
0.145012
0.106738
0.102208
0.160779
0.129413
0.120664
0.094421
0.171326
0.094394
0.250011
0.156159
0.080956
0.089949
0.085348
0.032618
0.055565
0.112741
0.123738
0.068863
0.049762
0.085834
0.046227
0.043248
0.060259
0.040721
0.070174
0.097465
0.045807
0.054087
0.068602
0.10274
0.074161
0.043992
0.062827
0.096689
0.049316
0.051688
0.034985
0.084867
0.076967
0.034516
0.049186
0.052389
0.030849
0.130154
0.042386
0.110355
0.055113
0.119959
0.071567
0.032129
0.093585
0.094497
0.07936
0.101836
0.06611
0.108821
0.055174
0.04723
0.085929
0.091386
0.08674
0.087624
0.07492
0.065982
0.096457
0.117766
0.057046
0.031576
0.042164
0.043751
0.047037
0.065351
0.060673
0.031481
0.047629
0.034216
0.052471
0.048022
0.029358
0.02687
0.097191
0.040503
0.082221
0.049086
0.053847
0.033986
0.047573
0.041227
0.030118
0.044602
0.020349
0.02649
0.06294
0.051118
0.043085
0.038327
0.050589
0.027626
0.031488
0.053407
0.039428
0.072391
0.065292
0.046141
0.063172
0.044083
0.034883
0.045273
0.049045
0.029659
0.034286
0.041243
0.048574
0.067383
0.05636
0.041155
0.027293
0.048083
0.044766
0.032317
0.053105
0.027231
0.043207
0.057343
0.026615
0.051359
0.034628
0.036629
0.05117
0.03307
0.02723
0.041542
0.116642
0.127476
0.047226
0.042553
0.103899
0.041747
0.058666
0.1051
0.108388
0.099576
0.05673
0.089793
0.036041
0.131151
0.109111
0.123652
0.1053
0.091152
0.037315
0.123075
0.05304
0.042912
0.038627
0.058957
0.047204
0.045578
0.052795
0.019249
0.04089
0.064056
0.033639
0.026385
0.040228
0.029259
0.049059
0.104988
0.076745
0.030198
0.067343
0.027238
0.09107
0.035116
0.039302
0.034795
0.091669
0.047319
0.029362
0.030403
0.033343
0.091266
0.021613
0.049882
0.04909
0.029559
0.045026
0.031443
0.036026
0.083409
0.032444
0.037344
0.038699
0.033541
0.045541
0.038952
0.047051
0.03225
0.05184
0.026411
0.035331
0.021233
0.047007
0.021302
0.034418
0.036423
0.075405
0.067397
0.044467
0.041634
0.046484
0.035093
0.037946
0.057613
0.04169
0.044391
0.035124
0.027006
0.028247
0.058548
0.040259
0.029387
0.036221
0.036845
0.033039
0.027865
0.057792
0.034506
0.057014
0.045805
0.036194
0.044689
0.040011
0.035328
0.033291
0.042979
0.036108
0.055661
0.028942
0.033983
0.022445
0.045118
0.029815
0.037981
0.047641
0.02509
0.040971
0.052836
0.065348
0.021456
0.036025
0.044498
0.029406
0.049927
0.06371
0.037006
0.034768
0.04971
0.117922
0.078921
0.049155
0.053378
0.038342
0.041205
0.039917
0.080284
0.03476
0.027953
0.03822
0.066228
0.035473
0.032382
0.035827
0.030794
0.043943
0.042528
0.050075
0.054455
0.040634
0.032753
0.02232
0.065957
0.026516
0.031467
0.024795
0.067601
0.024684
0.033505
0.037286
0.04854
0.028487
0.050754
0.02323
0.057978
0.028475
0.025119
0.048413
0.041037
0.047808
0.050515
0.042214
0.016633
0.060151
0.027093
0.041642
0.046778
0.034649
0.072182
0.043832
0.05075
0.029309
0.060371
0.034531
0.061347
0.037315
0.041196
0.031063
0.031665
0.029245
0.024979
0.047981
0.035319
0.056824
0.04157
0.026912
0.033937
0.053966
0.032742
0.054042
0.041393
0.035222
0.070743
0.083531
0.042999
0.042882
0.019942
0.038133
0.032971
0.036305
0.039389
0.020851
0.053845
0.047766
0.043338
0.03681
0.059134
0.036074
0.064613
0.047526
0.060246
0.032132
0.029505
0.038291
0.043721
0.041226
0.061309
0.04067
0.060791
0.03147
0.022358
0.022956
0.025016
0.053472
0.065509
0.048893
0.0328
0.030498
0.03448
0.030445
0.045026
0.032839
0.055422
0.036919
0.039178
0.052768
0.040991
0.03705
0.052682
0.032581
0.045297
0.022384
0.02332
0.031828
0.047532
0.028566
0.053821
0.072913
0.034359
0.03682
0.041469
0.039573
0.054942
0.049938
0.049343
0.055046
0.026351
0.032333
0.05032
0.029942
0.022553
0.020822
0.031614
0.04289
0.052543
0.068314
0.023719
0.035492
0.053636
0.022366
0.046881
0.034846
0.037185
0.020628
0.028254
0.02723
0.02676
0.031963
0.040089
0.040438
0.040124
0.033602
0.036646
0.036629
0.020572
0.043738
0.02897
0.034621
0.0343
0.036358
0.03986
0.025582
0.030279
0.080721
0.046736
0.052198
0.027056
0.032691
0.028444
0.026856
0.023262
0.020614
0.035125
0.039615
0.03222
0.036815
0.020161
0.03029
0.034791
0.027164
0.036785
0.036899
0.043119
0.043372
0.053012
0.042777
0.029944
0.043118
0.034588
0.041061
0.050978
0.024425
0.023865
0.031936
0.04255
0.053474
0.049171
0.035297
0.031202
0.040342
0.016544
0.031018
0.057496
0.028867
0.029769
0.035548
0.05922
0.019737
0.047231
0.029439
0.046494
0.036136
0.023911
0.040006
0.025581
0.029215
0.023418
0.04359
0.046158
0.035643
0.06781
0.053523
0.04315
0.062963
0.039133
0.036013
0.051134
0.021943
0.042914
0.068115
0.037847
0.055897
0.028127
0.047265
0.059724
0.027186
0.038579
0.035025
0.112161
0.072842
0.033027
0.039767
0.039406
0.062398
0.021844
0.055134
0.058718
0.052701
0.041418
0.030086
0.078024
0.034735
0.028141
0.034833
0.057936
0.027671
0.042234
0.055574
0.036797
0.037413
0.049946
0.037475
0.081695
0.020931
0.046461
0.04271
0.040215
0.021489
0.033394
0.028674
0.039769
0.022327
0.023242
0.039257
0.017631
0.023616
0.017182
0.042274
0.032144
0.025484
0.033351
0.031054
0.040086
0.028358
0.048881
0.067906
0.021938
0.0345
0.029049
0.055965
0.038978
0.023481
0.044131
0.03012
0.031068
0.031697
0.047223
0.022707
0.031469
0.065137
0.068196
0.038798
0.036028
0.037715
0.033156
0.025757
0.028442
0.032572
0.051029
0.038796
0.046383
0.02429
0.022147
0.030138
0.019289
0.039499
0.029101
0.023772
0.045725
0.041834
0.038053
0.022739
0.041837
0.03439
0.032664
0.05005
0.047117
0.05704
0.025034
0.051755
0.042576
0.093201
0.040046
0.057841
0.046128
0.031314
0.041399
0.022778
0.067879
0.023979
0.081626
0.048698
0.036073
0.022011
0.05497
0.052826
0.056903
0.056057
0.031125
0.034491
0.027388
0.036306
0.040916
0.044198
0.031718
0.031574
0.02483
0.036202
0.04881
0.021741
0.028447
0.064674
0.017711
0.022354
0.019419
0.0505
0.076337
0.042443
0.033592
0.020724
0.019562
0.053111
0.040674
0.030741
0.028111
0.018451
0.030732
0.027466
0.03619
0.032971
0.033711
0.032575
0.063447
0.035261
0.053428
0.044661
0.056275
0.078498
0.021604
0.047746
0.047495
0.024254
0.021679
0.019503
0.044478
0.035463
0.037688
0.037573
0.036571
0.036203
0.028974
0.031905
0.043971
0.069652
0.025047
0.032769
0.032267
0.027594
0.040008
0.045063
0.030203
0.050683
0.044305
0.036082
0.026461
0.052103
0.032189
0.03157
0.04518
0.048286
0.036268
0.058409
0.046753
0.024192
0.068509
0.050171
0.045137
0.029374
0.062697
0.046791
0.038046
0.056706
0.033454
0.052692
0.05335
0.066364
0.027084
0.026437
0.026877
0.034258
0.02722
0.034874
0.046678
0.031492
0.038447
0.039857
0.027081
0.081268
0.03258
0.030126
0.02578
0.045026
0.022969
0.049854
0.04415
0.030517
0.034482
0.018566
0.025044
0.043037
0.023482
0.038188
0.027021
0.037624
0.02614
0.065207
0.041902
0.026169
0.022985
0.063006
0.052961
0.087308
0.036693
0.049133
0.039923
0.047527
0.070686
0.046866
0.021567
0.087912
0.030378
0.061327
0.049652
0.041275
0.071226
0.035656
0.044303
0.080955
0.036018
0.060262
0.050115
0.064022
0.031081
0.045077
0.035039
0.0459
0.057109
0.019585
0.02707
0.031067
0.032466
0.055078
0.027564
0.038789
0.040756
0.034393
0.027857
0.032875
0.043998
0.0334
0.039717
0.045244
0.03474
0.027298
0.022742
0.035582
0.031426
0.042313
0.043834
0.032859
0.035894
0.043311
0.032616
0.058643
0.07392
0.040608
0.022911
0.034745
0.0583
0.030523
0.038755
0.024113
0.031868
0.041743
0.039792
0.022745
0.029661
0.032746
0.02155
0.041591
0.047013
0.03807
0.042335
0.029539
0.034668
0.025659
0.022277
0.032625
0.022013
0.039938
0.035997
0.053288
0.078578
0.063826
0.045511
0.050693
0.048258
0.057217
0.036917
0.038714
0.028501
0.035549
0.025018
0.016484
0.023493
0.036665
0.042253
0.031128
0.028609
0.03638
0.027651
0.043976
0.033019
0.031188
0.019521
0.030645
0.039473
0.040703
0.034239
0.039423
0.039074
0.0292
0.050205
0.035694
0.025793
0.033142
0.040965
0.042704
0.057753
0.03633
0.038142
0.043177
0.030896
0.033801
0.02903
0.04544
0.036905
0.039756
0.028529
0.027366
0.038857
0.031719
0.049186
0.044183
0.020232
0.033088
0.031716
0.033596
0.023779
0.070482
0.035473
0.027814
0.026614
0.034741
0.036745
0.020429
0.034004
0.048986
0.051353
0.03416
0.046464
0.030214
0.052546
0.039561
0.029468
0.047565
0.073099
0.02863
0.055386
0.015185
0.04804
0.034941
0.021357
0.039736
0.070883
0.057774
0.031624
0.047673
0.075854
0.046401
0.024915
0.024949
0.02729
0.046807
0.060068
0.059305
0.022869
0.052641
0.032723
0.044511
0.023789
0.034049
0.036087
0.045143
0.032451
0.031557
0.029225
0.06407
0.053081
0.050685
0.051536
0.031652
0.025975
0.024766
0.038246
0.039652
0.031078
0.030138
0.049657
0.049029
0.035051
0.048195
0.031187
0.026617
0.026851
0.028295
0.05242
0.035833
0.048511
0.033264
0.030073
0.036829
0.02945
0.037302
0.023989
0.030746
0.030785
0.022161
0.026359
0.029012
0.023642
0.047075
0.032925
0.06238
0.040069
0.029932
0.023615
0.045141
0.03795
0.02506
0.030695
0.04115
0.048492
0.057775
0.034789
0.037372
0.066694
0.021466
0.036925
0.054834
0.044592
0.026252
0.066229
0.035982
0.023653
0.029214
0.020814
0.033939
0.038229
0.037148
0.030773
0.035772
0.021507
0.020975
0.032722
0.037352
0.047164
0.027731
0.038727
0.04856
0.023508
0.053097
0.045598
0.051692
0.02756
0.056792
0.045618
0.029388
0.040084
0.068941
0.04231
0.029405
0.035205
0.046412
0.0367
0.034489
0.043761
0.023494
0.048285
0.013491
0.030854
0.02722
0.024266
0.035916
0.059516
0.041707
0.076828
0.028829
0.02748
0.032048
0.027385
0.056727
0.035222
0.039416
0.06311
0.030978
0.021959
0.028867
0.028185
0.031354
0.063726
0.040845
0.024144
0.036267
0.05817
0.072218
0.042774
0.028507
0.042024
0.03788
0.047861
0.034474
0.049935
0.047364
0.054235
0.026297
0.030437
0.036457
0.032634
0.047474
0.052405
0.020734
0.029575
0.034533
0.031056
0.051917
0.017873
0.059302
0.020262
0.039814
0.046151
0.019739
0.043635
0.032325
0.033764
0.026186
0.030634
0.040997
0.037516
0.027912
0.034884
0.027313
0.047272
0.043567
0.02499
0.04451
0.051046
0.033337
0.031134
0.030257
0.035959
0.034211
0.034674
0.02854
0.051684
0.020867
0.037226
0.028019
0.049467
0.030193
0.021025
0.023724
0.039309
0.071089
0.050711
0.02325
0.0505
0.081929
0.029312
0.030725
0.045213
0.030093
0.035238
0.056865
0.023779
0.04991
0.032676
0.029297
0.050443
0.0537
0.022143
0.022771
0.071957
0.032149
0.028004
0.036561
0.029533
0.030283
0.032905
0.058762
0.04182
0.045427
0.046894
0.023432
0.053338
0.026635
0.027911
0.03114
0.026381
0.044449
0.064925
0.051495
0.038098
0.043239
0.040249
0.034528
0.083369
0.034408
0.05199
0.026418
0.035939
0.062039
0.078415
0.026977
0.0351
0.050541
0.020768
0.056914
0.038439
0.042655
0.037876
0.037837
0.642097
0.028924
0.043312
0.049531
0.047116
0.037506
0.030492
0.015827
0.029093
0.031818
0.023592
0.031838
0.036114
0.057683
0.037217
0.053521
0.042017
0.029287
0.024916
0.034144
0.052437
0.048729
0.033353
0.03746
0.033805
0.030953
0.037689
0.041719
0.041859
0.02575
0.033035
0.021326
0.025505
0.02605
0.04196
0.056491
0.027211
0.035956
0.057791
0.017578
0.028969
0.054297
0.032935
0.031612
0.076592
0.037775
0.055112
0.040059
0.032582
0.055476
0.073557
0.059699
0.07624
0.034971
0.038476
0.032182
0.03679
0.039651
0.018649
0.039502
0.045622
0.0244
0.029595
0.030618
0.025312
0.029938
0.045607
0.027418
0.038344
0.021667
0.027852
0.040549
0.032664
0.023456
0.038946
0.022297
0.032346
0.05367
0.058952
0.044594
0.037605
0.036641
0.02567
0.031756
0.043176
0.03931
0.029772
0.048579
0.058185
0.043285
0.055726
0.047735
0.046051
0.040376
0.046239
0.031362
0.04333
0.057079
0.056677
0.035945
0.038419
0.044751
0.038619
0.027285
0.025904
0.067125
0.039453
0.052007
0.032064
0.031053
0.031405
0.04716
0.04061
0.033939
0.033647
0.032264
0.049266
0.048659
0.092387
0.030178
0.043452
0.04965
0.027278
0.02428
0.040052
0.039112
0.042657
0.024688
0.043964
0.063983
0.052644
0.061586
0.058597
0.044838
0.040967
0.029229
0.060531
0.029513
0.087022
0.062912
0.024134
0.042528
0.051946
0.02514
0.028576
0.041479
0.025088
0.038209
0.027729
0.049991
0.057567
0.057019
0.040953
0.058541
0.026045
0.03848
0.037226
0.037226
0.034595
0.048007
0.032072
0.047402
0.028917
0.083198
0.027356
0.037032
0.043669
0.044973
0.053525
0.058947
0.05549
0.043208
0.03306
0.045348
0.03262
0.03484
0.031464
0.033906
0.036244
0.023844
0.043707
0.02008
0.027889
0.037524
0.039502
0.051716
0.052711
0.02668
0.046609
0.057023
0.03499
0.025382
0.026681
0.020406
0.029594
0.06002
0.069458
0.034464
0.025246
0.055524
0.029929
0.076588
0.08094
0.054862
0.032171
0.041917
0.028349
0.032227
0.05276
0.044742
0.05321
0.039366
0.045657
0.02937
0.037582
0.023605
0.054077
0.038714
0.059979
0.032456
0.078665
0.021386
0.029151
0.023611
0.026521
0.049373
0.03994
0.043823
0.044502
0.029261
0.032486
0.01955
0.032557
0.058872
0.037294
0.022568
0.046692
0.055091
0.037361
0.042815
0.060702
0.033952
0.028096
0.045553
0.032892
0.054789
0.07246
0.033054
0.056786
0.067084
0.020389
0.040886
0.02567
0.042938
0.055796
0.02781
0.042484
0.023687
0.04004
0.043952
0.076515
0.047245
0.041003
0.03937
0.029836
0.027996
0.021656
0.033389
0.100822
0.03396
0.028325
0.06458
0.027422
0.045434
0.063893
0.026572
0.041559
0.041676
0.022825
0.025348
0.045429
0.042564
0.073158
0.038073
0.021896
0.039685
0.046594
0.023348
0.036549
0.02954
0.048453
0.037536
0.057995
0.055057
0.054769
0.028922
0.023775
0.052684
0.035084
0.036127
0.030754
0.033798
0.045495
0.041157
0.042743
0.053534
0.021198
0.04204
0.050119
0.039078
0.070403
0.056631
0.078731
0.040252
0.038762
0.033864
0.034615
0.033613
0.024277
0.061703
0.047971
0.035449
0.023599
0.030119
0.057221
0.031937
0.027279
0.035491
0.03531
0.038177
0.03902
0.031614
0.043371
0.038752
0.02116
0.025408
0.032014
0.047956
0.05329
0.047579
0.035803
0.044503
0.033833
0.027738
0.049247
0.046627
0.02676
0.04788
0.022034
0.019938
0.069646
0.05056
0.056636
0.033639
0.041114
0.037176
0.039762
0.032269
0.06105
0.043309
0.055683
0.044372
0.042836
0.061875
0.030357
0.033083
0.023765
0.038701
0.032958
0.030984
0.025762
0.018871
0.030455
0.029151
0.030259
0.058109
0.026083
0.027646
0.038336
0.024658
0.038225
0.03757
0.047907
0.032719
0.035469
0.037618
0.033719
0.032651
0.033389
0.019138
0.053099
0.036031
0.024293
0.031462
0.065823
0.026004
0.033047
0.047806
0.032557
0.04716
0.033288
0.056087
0.027903
0.031483
0.031537
0.019333
0.019644
0.035158
0.034537
0.043154
0.063836
0.041879
0.061992
0.054519
0.031062
0.040881
0.049745
0.045079
0.042566
0.068297
0.026152
0.043665
0.022618
0.025316
0.040909
0.023723
0.019769
0.025637
0.035311
0.032539
0.023268
0.023129
0.036746
0.020599
0.024085
0.032853
0.026444
0.051375
0.02751
0.060966
0.06062
0.087239
0.03915
0.044314
0.058889
0.01904
0.059177
0.03876
0.038963
0.064066
0.058237
0.038654
0.038766
0.041776
0.033754
0.051133
0.024533
0.057555
0.044597
0.036234
0.04288
0.035793
0.034021
0.032069
0.058546
0.054397
0.041642
0.063007
0.040862
0.0526
0.094072
0.042535
0.043089
0.038907
0.03963
0.042829
0.02701
0.039463
0.042423
0.019217
0.024618
0.043067
0.04275
0.038145
0.031087
0.038213
0.02587
0.029825
