1.083282
0.160229
0.162726
0.1425
0.147251
0.264313
0.238825
0.216941
0.037116
0.075624
0.096495
0.085133
0.133185
0.060027
0.05614
0.047281
0.125276
0.063123
0.064802
0.034417
0.0522
0.057904
0.092806
0.07791
0.149939
0.095335
0.097475
0.024851
0.059267
0.05874
0.092164
0.090548
0.07927
0.04992
0.027982
0.030639
0.028407
0.031735
0.034985
0.019008
0.041367
0.042704
0.022102
0.031561
0.045035
0.063682
0.042559
0.04654
0.058419
0.067502
0.024247
0.038346
0.023229
0.030777
0.042064
0.09114
0.072702
0.024206
0.026392
0.045464
0.061355
0.051408
0.031872
0.044043
0.02928
0.038896
0.024938
0.034238
0.046672
0.037606
0.057787
0.041237
0.044232
0.100069
0.037101
0.026488
0.027224
0.033698
0.053993
0.049697
0.023475
0.023678
0.010266
0.025516
0.024007
0.046282
0.035827
0.019544
0.015612
0.044397
0.036489
0.028294
0.022427
0.024364
0.02743
0.026628
0.037519
0.023152
0.045157
0.026432
0.039556
0.031658
0.028811
0.024789
0.016979
0.01413
0.023404
0.023539
0.019379
0.023852
0.02089
0.016293
0.027212
0.023229
0.02963
0.021602
0.025301
0.027396
0.017669
0.019656
0.01547
0.024684
0.011139
0.018459
0.020169
0.021683
0.022281
0.043371
0.044151
0.016385
0.021895
0.022678
0.020309
0.01893
0.012552
0.018087
0.02727
0.026261
0.016108
0.019166
0.015199
0.017023
0.017122
0.025791
0.032771
0.021923
0.023217
0.022458
0.018055
0.030889
0.021527
0.025956
0.019012
0.022139
0.020522
0.021233
0.022779
0.014137
0.016021
0.019689
0.023513
0.013486
0.016643
0.020381
0.0184
0.018222
0.015375
0.022401
0.020641
0.026941
0.026007
0.027077
0.014458
0.019447
0.019206
0.026974
0.024044
0.029192
0.020765
0.012525
0.020165
0.01656
0.014786
0.01921
0.01723
0.025457
0.030175
0.019624
0.019914
0.02011
0.021447
0.021073
0.021575
0.038904
0.019537
0.028009
0.02865
0.015655
0.014222
0.014825
0.012133
0.024423
0.014611
0.019949
0.038837
0.025118
0.028067
0.022271
0.02196
0.019591
0.019253
0.01607
0.018981
0.021078
0.027265
0.021107
0.015754
0.012982
0.029279
0.022036
0.015816
0.02379
0.022544
0.019874
0.015044
0.021276
0.015819
0.011074
0.015061
0.021258
0.017609
0.0253
0.025799
0.010091
0.024655
0.017876
0.02031
0.022157
0.019536
0.015088
0.018999
0.017132
0.021029
0.013809
0.022336
0.023485
0.020856
0.024704
0.018272
0.021156
0.022547
0.009068
0.017719
0.021794
0.01818
0.0168
0.01401
0.019507
0.023203
0.014065
0.019824
0.020552
0.021037
0.019808
0.0211
0.017443
0.033204
0.014699
0.029898
0.029798
0.017152
0.012177
0.022787
0.021102
0.023674
0.018291
0.020555
0.031008
0.016989
0.030122
0.028642
0.014217
0.014474
0.015533
0.021404
0.018326
0.020949
0.021413
0.026529
0.026169
0.014863
0.019918
0.024656
0.017005
0.020885
0.019712
0.020448
0.023831
0.014435
0.022213
0.038236
0.022743
0.02462
0.010461
0.014874
0.021272
0.020343
0.017634
0.013047
0.018938
0.014122
0.009843
0.023098
0.029363
0.011638
0.017124
0.021793
0.025387
0.018252
0.021999
0.037306
0.037863
0.042614
0.070949
0.01658
0.013798
0.023488
0.017747
0.022637
0.013213
0.027538
0.026657
0.01727
0.021575
0.015903
0.032458
0.012823
0.021904
0.020643
0.029925
0.024546
0.018936
0.016337
0.044956
0.032372
0.035864
0.022875
0.020461
0.015315
0.013927
0.01452
0.018759
0.015866
0.010065
0.018852
0.017152
0.018851
0.016805
0.011234
0.017993
0.01688
0.025618
0.019253
0.016375
0.014941
0.015676
0.01305
0.029156
0.022831
0.01317
0.01571
0.01655
0.015423
0.023808
0.018727
0.020332
0.016234
0.024498
0.013678
0.022039
0.018092
0.033764
0.0093
0.014276
0.029985
0.015607
0.018649
0.038949
0.024108
0.017462
0.018447
0.019519
0.012025
0.017195
0.032185
0.017505
0.021511
0.01346
0.01771
0.017854
0.014106
0.017092
0.020835
0.014854
0.018164
0.016616
0.015663
0.014835
0.013097
0.026372
0.017023
0.01682
0.01402
0.014141
0.015637
0.016196
0.013182
0.018066
0.021421
0.014284
0.016126
0.01786
0.01664
0.016215
0.016846
0.022389
0.014841
0.017574
0.017318
0.019899
0.016792
0.024091
0.01985
0.0191
0.016065
0.011697
0.014835
0.020643
0.016118
0.01698
0.016618
0.010759
0.014693
0.023094
0.01247
0.020424
0.016934
0.017393
0.017125
0.019807
0.013677
0.019148
0.008188
0.01776
0.01738
0.012441
0.013908
0.016092
0.008611
0.017964
0.019777
0.017753
0.011494
0.01881
0.019011
0.027006
0.011109
0.017928
0.019554
0.020293
0.01343
0.01874
0.012584
0.012264
0.034462
0.009312
0.02062
0.016155
0.019094
0.022769
0.015627
0.017754
0.010577
0.020943
0.011172
0.017917
0.045778
0.01857
0.011002
0.018474
0.020253
0.016163
0.018317
0.017259
0.020138
0.021881
0.009464
0.021322
0.023447
0.013661
0.013001
0.011669
0.016299
0.018712
0.018862
0.015289
0.022901
0.022311
0.020215
0.023303
0.027005
0.026108
0.021309
0.017259
0.03079
0.019662
0.010128
0.024866
0.013872
0.018323
0.02491
0.015833
0.015949
0.016932
0.010694
0.016087
0.037921
0.023888
0.018206
0.013607
0.024524
0.012058
0.012693
0.014949
0.013465
0.019088
0.042089
0.017483
0.01759
0.022165
0.017423
0.018959
0.011264
0.041411
0.019744
0.016169
0.036847
0.01905
0.02231
0.016242
0.012961
0.012136
0.018674
0.014482
0.02369
0.01597
0.015532
0.01715
0.014678
0.012172
0.017162
0.019137
0.026935
0.019525
0.014082
0.018558
0.020201
0.015247
0.012743
0.017747
0.019784
0.027519
0.036866
0.016556
0.019379
0.020571
0.02464
0.018046
0.012816
0.019466
0.014333
0.013242
0.009961
0.01606
0.031249
0.012621
0.020027
0.013175
0.014755
0.015501
0.018306
0.017774
0.020248
0.019252
0.016031
0.01878
0.009435
0.015048
0.012917
0.01874
0.017973
0.00795
0.013144
0.013345
0.017692
0.013871
0.026921
0.014954
0.016564
0.016698
0.025714
0.020617
0.017166
0.023557
0.022191
0.018341
0.015161
0.025222
0.015713
0.016681
0.021117
0.016977
0.027186
0.013199
0.016365
0.0182
0.018486
0.017303
0.008831
0.018396
0.012557
0.018787
0.007931
0.018912
0.009149
0.011098
0.014171
0.014866
0.015029
0.028878
0.018654
0.019565
0.017807
0.01672
0.012941
0.011423
0.021003
0.012757
0.009578
0.020685
0.020078
0.031688
0.020778
0.011428
0.014947
0.006036
0.014985
0.018165
0.012581
0.010897
0.012474
0.040371
0.016591
0.013541
0.024975
0.014241
0.018306
0.014957
0.011841
0.027691
0.013833
0.023633
0.017765
0.019537
0.011916
0.009601
0.016215
0.021571
0.017468
0.018647
0.013704
0.014275
0.014931
0.014378
0.011475
0.01736
0.016868
0.013695
0.024222
0.016954
0.018051
0.009643
0.01321
0.013266
0.022097
0.010104
0.021869
0.015595
0.010513
0.022161
0.012799
0.019458
0.020516
0.015233
0.015012
0.017179
0.019608
0.014039
0.016656
0.015519
0.017906
0.009409
0.028284
0.021027
0.012588
0.013045
0.009355
0.017695
0.014851
0.021637
0.026707
0.01693
0.022817
0.015703
0.013514
0.029292
0.016982
0.01723
0.015608
0.020358
0.013553
0.016225
0.034909
0.024767
0.010984
0.019216
0.015213
0.031542
0.019848
0.017497
0.017795
0.027331
0.012157
0.017476
0.026761
0.016421
0.018154
0.014528
0.010174
0.013828
0.011387
0.024342
0.016215
0.011846
0.015585
0.012703
0.02043
0.013591
0.017711
0.025388
0.017341
0.015267
0.02114
0.016138
0.048847
0.018782
0.015358
0.020979
0.019328
0.022674
0.017008
0.02392
0.019214
0.01282
0.021627
0.018629
0.011878
0.022129
0.023272
0.017859
0.039219
0.038487
0.019519
0.016732
0.017918
0.02161
0.013671
0.018853
0.039635
0.020058
0.01589
0.014408
0.012276
0.027398
0.010141
0.02059
0.018091
0.015242
0.018308
0.014679
0.024874
0.024788
0.034753
0.013251
0.024477
0.023124
0.033099
0.03253
0.011547
0.011105
0.018657
0.024993
0.017302
0.02151
0.021159
0.018426
0.015252
0.021433
0.014502
0.014604
0.016229
0.022936
0.013727
0.018905
0.019636
0.01494
0.02422
0.016114
0.013731
0.031068
0.012466
0.014591
0.021199
0.007439
0.023343
0.023824
0.016771
0.021893
0.011473
0.019783
0.038485
0.009192
0.027007
0.017423
0.023441
0.021862
0.033008
0.021459
0.042686
0.015106
0.01256
0.022144
0.018032
0.022075
0.018097
0.019407
0.017266
0.017065
0.011138
0.020111
0.023272
0.012127
0.022428
0.020521
0.012377
0.014548
0.025152
0.014491
0.018218
0.017083
0.021436
0.014599
0.013431
0.028803
0.022549
0.012742
0.020727
0.024162
0.015763
0.024158
0.022908
0.010149
0.021838
0.01605
0.022422
0.012333
0.024409
0.017353
0.016187
0.007334
0.019882
0.015286
0.009273
0.016662
0.019274
0.010782
0.014197
0.007314
0.010695
0.014111
0.021318
0.015764
0.012475
0.014609
0.015591
0.009657
0.013454
0.017978
0.013134
0.018271
0.016113
0.01514
0.021577
0.01321
0.021822
0.012036
0.020686
0.019943
0.01774
0.011224
0.018254
0.02543
0.019704
0.022909
0.02221
0.013018
0.014404
0.012212
0.012594
0.018206
0.018526
0.0173
0.016509
0.018443
0.018415
0.017854
0.019537
0.017178
0.026019
0.015426
0.02356
0.02202
0.037898
0.012376
0.016684
0.01246
0.015656
0.013398
0.017163
0.010655
0.011224
0.025965
0.015129
0.016267
0.014264
0.021349
0.021147
0.012715
0.020744
0.013884
0.016229
0.008788
0.013625
0.013121
0.023112
0.015773
0.01449
0.010843
0.015623
0.016138
0.011384
0.013418
0.016819
0.018956
0.014572
0.020256
0.00964
0.012702
0.024024
0.013923
0.012094
0.031071
0.016964
0.013386
0.035532
0.021523
0.026081
0.011944
0.010329
0.015618
0.016588
0.013043
0.02332
0.020178
0.018073
0.015005
0.015897
0.023142
0.040141
0.012704
0.01564
0.018926
0.010913
0.009499
0.01588
0.011845
0.020089
0.029284
0.039906
0.019631
0.01885
0.015483
0.02042
0.013025
0.015178
0.013108
0.013094
0.021185
0.020004
0.026514
0.028086
0.010246
0.013276
0.019476
0.043328
0.020391
0.023966
0.019193
0.013319
0.012561
0.017419
0.013527
0.009182
0.013522
0.008527
0.022146
0.013196
0.028467
0.013162
0.01461
0.011688
2.085674
0.015369
0.010748
0.01482
0.016843
0.011407
0.018914
0.018163
0.018985
0.010845
0.019857
0.021621
0.013556
0.023011
0.01342
0.012447
0.010762
0.014561
0.014826
0.017867
0.013036
0.017742
0.020435
0.01897
0.01127
0.014629
0.018811
0.020609
0.009913
0.014208
0.018906
0.01945
0.015064
0.0135
0.010305
0.011894
0.015116
0.010239
0.015911
0.016512
0.019253
0.006445
0.019616
0.021537
0.010986
0.021983
0.032679
0.019873
0.0133
0.026178
0.019681
0.013156
0.024148
0.014848
0.025927
0.011602
0.013693
0.015335
0.020296
0.011853
0.016454
0.01736
0.015392
0.02643
0.01282
0.015923
0.024359
0.025642
0.023099
0.016952
0.014792
0.022225
0.013064
0.025872
0.02145
0.010823
0.021517
0.019473
0.013037
0.017203
0.012058
0.023103
0.012499
0.021826
0.044048
0.015372
0.020645
0.014929
0.016661
0.007848
0.014705
0.01866
0.020554
0.016452
0.006671
0.012417
0.016319
0.015451
0.013035
0.019846
0.013978
0.020359
0.020825
0.024808
0.017181
0.019219
0.015549
0.014727
0.01514
0.017372
0.023073
0.019365
0.016681
0.010054
0.008504
0.023602
0.017574
0.015264
0.015462
0.018281
0.018813
0.021318
0.006284
0.028089
0.022117
0.019188
0.011608
0.013742
0.009303
0.02031
0.014591
0.019074
0.018542
0.012668
0.008593
0.020777
0.013176
0.015506
0.019006
0.017713
0.019655
0.021241
0.015856
0.012661
0.017526
0.021707
0.015087
0.016457
0.015726
0.017503
0.018197
0.008218
0.014665
0.021865
0.016384
0.019493
0.019352
0.021634
0.011775
0.03003
0.02312
0.016281
0.013499
0.008096
0.020634
0.01595
0.015624
0.015271
0.018098
0.01018
0.020779
0.020297
0.014105
0.012448
0.010265
0.014642
0.01704
0.009723
0.031513
0.012693
0.018387
0.017739
0.008967
0.017477
0.014162
0.018786
0.018784
0.0153
0.023441
0.019443
0.019054
0.011383
0.019066
0.010308
0.033748
0.013794
0.015515
0.01399
0.011343
0.015631
0.021772
0.014323
0.013789
0.014973
0.013511
0.017742
0.017026
0.01905
0.016284
0.020021
0.011268
0.032259
0.037869
0.017658
0.015867
0.013522
0.02062
0.018381
0.023588
0.010374
0.010182
0.021729
0.022773
0.02101
0.016853
0.017117
0.027329
0.01447
0.023802
0.025276
0.017842
0.016956
0.017584
0.014778
0.023498
0.02344
0.018514
0.015386
0.020454
0.01986
0.036923
0.013894
0.019845
0.022435
0.024011
0.015868
0.01365
0.013245
0.019186
0.016662
0.012851
0.039952
0.017658
0.019986
0.016635
0.017355
0.015446
0.021426
0.028263
0.015734
0.015726
0.013624
0.011016
0.022653
0.009708
0.010005
0.030738
0.01303
0.020886
0.016673
0.011159
0.014576
0.013948
0.007272
0.011104
0.013944
0.010465
0.009165
0.015834
0.020626
0.013988
0.014554
0.017895
0.01438
0.031013
0.018765
0.021633
0.029912
0.021867
0.01213
0.038748
0.01926
0.026504
0.018354
0.018566
0.01762
0.020295
0.01435
0.014752
0.012924
0.019341
0.021032
0.027854
0.018668
0.021722
0.019212
0.01564
0.013026
0.018556
0.017747
0.019837
0.016342
0.016266
0.011366
0.024738
0.014714
0.006335
0.016246
0.010552
0.016711
0.0225
0.017954
0.026281
0.033437
0.018844
0.010522
0.008998
0.014183
0.012572
0.011215
0.017496
0.010191
0.015548
0.015042
0.016646
0.017909
0.013157
0.015486
0.014998
0.011952
0.015945
0.012131
0.015043
0.014493
0.010765
0.020726
0.013171
0.013494
0.012398
0.022947
0.020289
0.018728
0.017938
0.028685
0.022927
0.034958
0.006992
0.020353
0.016482
0.018937
0.012298
0.021852
0.023792
0.031616
0.013139
0.021954
0.007323
0.017394
0.014946
0.011986
0.013238
0.022873
0.021767
0.014922
0.018906
0.018046
0.01682
0.020085
0.017941
0.020109
0.018899
0.016356
0.010377
0.014871
0.01789
0.008919
0.011844
0.021484
0.015113
0.015462
0.013718
0.015892
0.021089
0.026908
0.014686
0.013044
0.013507
0.012497
0.013176
0.019702
0.012038
0.01311
0.012149
0.022722
0.015717
0.016828
0.010408
0.013268
0.023326
0.017475
0.022205
0.02273
0.013486
0.017324
0.013035
0.018512
0.011226
0.023674
0.016076
0.013806
0.01286
0.036496
0.027925
0.037514
0.039319
0.022341
0.014552
0.017004
0.024206
0.019451
0.012905
0.035949
0.019386
0.011495
0.029512
0.015881
0.035218
0.028211
0.016388
0.01732
0.012214
0.013532
0.028993
0.017232
0.025795
0.021228
0.015937
0.015318
0.013165
0.017518
0.007798
0.022443
0.021278
0.012482
0.013297
0.013694
0.013162
0.016971
0.015551
0.018175
0.011911
0.006587
0.017716
0.022947
0.017237
0.018385
0.023772
0.018757
0.015536
0.011547
0.018162
0.015821
0.018241
0.022011
0.022385
0.016081
0.022798
0.016776
0.01647
0.015791
0.017046
0.019937
0.015234
0.015539
0.011595
0.025996
0.017315
0.035029
0.012936
0.009128
0.012337
0.013827
0.017356
0.0145
0.011119
0.025963
0.010465
0.018334
0.036392
0.014537
0.026846
0.036586
0.020841
0.010453
0.022031
0.009911
0.014622
0.015148
0.017001
0.014734
0.012699
0.009985
0.011488
0.021359
0.019994
0.018678
0.022923
0.024312
0.016434
0.012966
0.018667
0.020608
0.011255
0.010812
0.019442
0.014163
0.012271
0.012703
0.015878
0.01256
0.017417
0.014477
0.017719
0.026913
0.011887
0.020197
0.009405
0.010665
0.013944
0.009217
0.006936
0.019053
0.016788
0.015664
0.019409
0.014743
0.009741
0.011735
0.014633
0.016616
0.015346
0.015876
0.01195
0.030487
0.020554
0.021138
0.012208
0.015638
0.023678
0.023038
0.014013
0.008919
0.012839
0.014012
0.007904
0.016345
0.019249
0.010954
0.012959
0.021962
0.013167
0.009776
0.015266
0.01576
0.017203
0.017292
0.019952
0.022453
0.03519
0.02096
0.01346
0.021224
0.017189
0.017859
0.016958
0.010954
0.010276
0.016235
0.018322
0.023548
0.008411
0.0147
0.023314
0.010885
0.017017
0.020008
0.010448
0.016433
0.01618
0.014124
0.014491
0.017995
0.018012
0.014416
0.013186
0.015098
0.017965
0.019477
0.022793
0.020989
0.031829
0.009544
0.017479
0.019886
0.02059
0.016072
0.016045
0.013834
0.022163
0.013564
0.013841
0.017551
0.023778
