1392.675692
1280.916421
1367.690374
1503.058305
1413.522086
1256.152833
1557.234422
1146.993762
1199.841197
1133.770376
1346.999412
1078.781624
1128.540492
1339.009546
1063.533168
1078.975333
1195.944788
1145.854494
1325.579956
1140.189414
1172.913598
1136.707554
1071.655199
1382.303069
1142.591293
1158.265279
1353.371655
1136.166716
1100.714465
1462.960368
1212.052714
1254.41129
1413.752352
1219.482762
1200.791597
1099.91305
1221.205938
1119.639211
1039.412902
991.032088
1226.063857
1451.295
1558.180325
1376.869985
1374.860953
1392.509048
1091.324484
979.577497
1270.380852
1256.084705
1098.381589
1210.1448
1011.369784
1049.209545
1328.856147
1351.94249
1174.427476
1207.823433
1093.061629
977.070624
1215.379753
1312.560277
1271.944273
1133.598817
1303.253936
1253.100666
1084.37561
1050.179627
1353.910477
1071.860282
1201.37867
1020.614325
1094.834982
1092.414343
1211.413342
1200.108508
1183.805112
1187.183576
1396.15653
1192.554359
1236.764237
1380.93989
1129.11664
1436.172436
1264.300363
1083.55342
1181.276315
1234.133337
1159.936916
1067.031394
1357.305084
1248.999245
1031.762093
1048.859197
1337.513937
1427.905175
1191.355889
993.689443
1070.380705
1113.849042
1240.643132
1144.588274
1502.153532
1246.225766
1100.435338
1124.621244
1014.321178
1118.351757
1141.608799
925.95281
1152.330779
1032.048578
1354.405368
1069.0316
1338.100205
1245.356614
1084.108361
1243.802493
1120.838287
1109.74499
1533.149738
1019.813411
1148.500133
1104.371238
1188.559702
1172.851206
1152.865154
926.399952
1313.05007
1119.987798
1108.907123
1131.99508
1279.336616
1060.614615
1072.579712
1267.653532
1082.869573
1074.550149
1244.265476
1057.531166
1235.506377
1315.339985
1115.840681
1281.925072
1249.834534
1276.792224
1323.866795
1246.077099
1398.700863
1225.094874
1259.712924
1129.920756
1354.666998
1178.599703
1105.313774
1269.292339
1028.811729
992.669158
1195.001523
1320.508733
1122.627977
1217.221067
1256.531831
1249.567384
1161.304135
1277.268336
1059.723269
1339.912726
1243.770822
1207.855607
1047.73403
1235.556841
1313.927334
1309.274286
1370.655374
1540.149484
1449.777668
1446.640271
1127.776726
1239.337103
1177.064576
1172.75355
1385.112689
1292.913577
1483.522094
1210.832945
1421.991981
1273.329958
1124.742705
1243.803633
1090.326753
1104.955344
1133.623047
1258.099151
1284.64918
1183.674417
1.556684
1066.109756
1209.427082
1225.358117
1164.147088
1096.518592
1156.267345
1254.843615
1227.087524
1018.46319
1081.665741
1278.024194
1115.26053
928.095713
1295.996994
1339.667682
1085.628938
1001.672751
1279.523245
1236.925642
1355.299515
1102.097633
1290.007193
1335.438747
1232.330902
1401.615314
1507.135139
1107.211373
1393.918198
1084.830695
1070.547933
1396.772864
1267.6776
1163.083261
1350.008464
1359.774878
1376.883413
1117.281416
1216.245918
1028.628777
1389.582312
1271.175711
986.658736
1296.514253
1266.800601
1153.015996
1213.896505
1165.182264
996.526903
1304.043509
1111.427233
1218.403522
1151.288139
1222.515382
1183.694344
1092.087125
1395.504197
1242.805419
1299.978775
1271.167171
1237.133193
1199.002798
1028.681096
1181.056684
1259.514344
1205.856596
1144.557243
1268.744249
1132.986268
1311.787912
1058.633204
1273.957585
1419.520225
1251.565398
1575.851457
1419.777354
968.6421
1400.105125
1148.464188
961.924159
1023.204374
1386.697748
1282.697333
1049.675998
1288.789708
1156.89572
1229.604805
1025.609598
1231.318206
1449.313785
1255.098044
1109.049132
1101.113378
1059.724338
1342.301145
1215.002415
1337.29479
1374.255676
1625.281305
1109.700584
1155.473523
1183.014236
1057.556698
1271.951164
1180.30114
1078.743724
1193.823439
1134.206005
1200.757932
1188.865575
1108.848196
1170.653592
1099.642128
1381.389136
1044.227303
1258.130646
1117.57521
1133.090423
1159.759597
1227.613921
1060.644009
1126.001645
1363.317614
1321.991964
1087.399584
1169.422228
1235.586618
1475.194182
1342.40604
1052.779411
1075.402349
1341.479743
1156.200765
1219.106831
1112.295028
1369.495954
1231.809256
1290.200976
1153.724883
1251.793869
1145.767453
1535.54769
1174.677122
1373.534693
1269.879157
973.964705
1502.236959
1142.214194
1165.194225
1044.68286
1454.999251
1432.122852
1237.394033
1236.93641
1124.420117
1380.547777
1154.652633
1332.977243
1329.843544
1237.728362
1124.527924
1.902305
1328.627845
1235.298541
1196.089509
1274.490364
1110.748475
1095.393856
1163.627552
1128.485438
1080.856522
1331.904078
1143.453851
1109.694061
1057.622606
1090.320549
1116.990502
1123.030563
1337.007282
1153.805073
1168.545549
1272.543996
1079.801247
1063.044553
1153.61838
1126.208702
1295.606695
1267.370325
1138.689133
1095.646408
1137.75092
1457.563322
1156.263868
1235.775707
1186.928267
1122.080329
1470.237378
1093.084784
1147.663495
1245.960509
1078.929485
1484.484371
1215.073513
1086.911102
1081.483151
1180.644041
1350.292644
1159.57836
1152.045356
1275.158987
965.965298
1151.09833
959.84849
1132.652028
1241.185153
1204.085036
1241.996748
1104.527999
1247.8595
1164.632781
1260.039176
1095.682615
1093.374889
1210.304111
1226.519071
1268.051885
1605.322931
1108.462168
1214.612043
1156.338678
1117.000989
971.797639
1161.998882
1325.737822
1181.114736
1557.759542
1203.049528
1021.941678
1219.272908
1132.232062
1198.906487
1382.613367
1111.812694
1077.754636
1563.397343
1404.566074
1047.056583
1268.61923
1370.264497
1361.504301
1277.018906
1128.575173
1373.169159
1085.523429
1084.021124
1311.345578
1198.315442
1113.211232
1298.908651
1547.387748
1218.763731
1332.635697
1372.892023
1283.94323
1634.988968
1181.974901
1087.195847
1061.779274
1355.717955
1299.985152
1375.164328
1182.869877
1225.076576
1042.385512
1255.118455
1077.21391
1153.634111
1419.571387
1330.174062
1086.171617
1086.476804
1188.681457
977.52009
1128.506232
1017.717923
1535.694644
1065.948708
1267.83774
1255.290572
1245.494772
1321.269511
1233.669473
1287.244873
1216.780583
1198.98882
1050.331519
1008.36032
1317.299864
1139.061693
1167.786455
1138.145211
1321.62996
979.145639
1304.471387
1037.936045
1408.635129
1471.565132
1035.572749
1484.085482
1009.266316
1324.399173
1154.675613
1864.565519
1123.465655
1647.767817
1142.850516
1317.93454
1170.786842
1300.066026
1261.432857
1370.248286
1179.75837
1455.106143
1356.699068
1429.033293
1091.450951
1229.457832
1238.525264
1442.283306
1168.822634
1224.348717
1091.397815
1125.598937
1092.749778
1272.067603
1395.006305
1620.059027
1263.60099
1195.982314
1137.617306
1266.361806
1108.793949
1192.074627
1290.822114
1217.722236
1245.864243
1140.403692
1246.462422
1300.689191
1171.362311
944.067782
1058.794899
1215.492161
1030.650056
1065.791574
1124.820876
1186.510563
1368.735621
1228.07786
1002.219428
1167.100665
1100.613731
1079.835832
1284.681271
1542.026417
1367.36966
1174.388944
1130.95926
1515.12855
1186.357621
1255.926887
1154.5637
982.837558
1015.887126
1500.412977
1121.024154
1370.362442
1142.901861
1043.14274
1267.032375
1138.951261
1079.497086
1022.222938
1303.634691
1312.214471
1265.240299
1137.622734
1308.610969
1346.785598
1107.049637
1252.026684
1421.613287
1077.969115
1361.34753
1172.8202
1157.532664
1053.397894
1224.176817
1214.327634
1195.383902
1371.79263
1182.533158
1111.53979
1161.854516
1304.113302
1345.609856
1346.818299
1454.427013
1185.740633
1117.692215
1097.86488
1058.162627
1141.136534
1211.607626
1135.17256
1209.420668
1090.419258
1212.916501
1188.802499
1347.229848
1157.305994
1144.542026
1426.25686
1409.561249
1059.521825
1072.407318
1161.739559
1154.507991
1410.781261
1260.147098
1141.193926
1133.817702
1162.538073
1355.960559
1535.24332
1335.045129
1210.428357
1487.837803
1152.11853
1109.080979
1215.547052
1168.314976
1301.64266
975.024138
1305.229589
1161.670279
1282.777524
1178.007086
1463.567341
1227.150899
1277.851654
1146.213777
1315.832722
954.334251
1014.295515
1421.586479
988.065252
1120.752674
1220.973121
944.320488
1135.610332
1188.237078
1208.684406
1248.23804
1243.361308
1192.889442
1147.204818
1482.637988
1106.42047
1298.385643
1063.356645
991.348947
1088.953934
1224.816145
1268.522143
1160.084361
1348.988503
1038.162529
1539.935854
1570.383114
1215.225412
1365.992507
1003.818247
1282.251078
1013.054446
1204.113097
1194.759558
1247.652337
1434.78012
1564.403004
1207.333147
1123.937626
1169.945401
1396.71692
1056.368945
1436.74728
1199.796519
1105.838699
1119.578249
1152.429212
1386.234157
1165.61253
1302.066306
1313.368826
1003.657993
1254.308066
1093.383948
1300.372442
1207.11525
1004.823134
1059.220541
1220.123833
1266.936596
1146.574138
1424.895568
1073.144126
1084.463173
1005.166152
1033.501234
1374.242973
1278.666851
1050.284955
1380.359817
1473.898527
1477.103449
1503.863524
1310.590269
1447.273329
946.777014
1220.885231
1109.011254
1185.456958
1289.682359
1330.815875
1229.700092
1144.585951
1023.531315
1167.388785
1299.704711
1152.615673
1207.332665
1199.895548
1287.719848
1266.332528
1379.456423
1181.938657
1240.708394
1364.343304
1327.852473
1151.137425
1049.76243
1723.423596
1066.86919
1210.292878
1138.08949
1145.907122
1183.369174
1276.214217
1333.061365
1334.76681
1405.957278
1174.474553
1287.50846
1261.816906
1246.91055
1034.499398
1047.102837
1340.036039
1347.867839
1145.139655
1201.734293
1270.200673
1165.257634
1244.593123
1057.55698
1062.505763
1089.016783
1189.189642
1209.575326
1145.921258
1119.519986
1475.738921
1098.384737
1204.827626
1325.872373
1306.045653
1112.055451
1658.817015
1283.118338
1203.196988
1168.582228
1163.449696
1203.872134
1151.679814
1039.361927
1215.313575
1178.768676
1241.538476
1065.417112
1148.666432
1277.594833
1188.94272
1339.307452
1046.66642
1174.023971
1048.50519
1232.147472
1198.775935
1087.044498
1032.18822
1373.429692
988.349481
1137.660847
1263.518032
1134.676067
1016.259228
1342.012678
1106.337515
1430.393027
1173.265235
1236.432726
1075.956788
1251.768486
1290.6593
1204.832692
1103.250249
1255.345024
1142.712979
1139.105882
1311.145394
1372.447111
1094.232481
1239.46857
1279.259959
1498.912974
1056.367655
1135.92329
1370.150464
1264.153744
1152.421791
1269.955591
1493.610042
1331.999348
1118.183846
1239.147292
1338.810539
1517.814464
1320.567295
1328.440255
1259.336719
944.718633
1383.524349
1409.972294
1235.53529
979.019081
1339.325059
1288.308943
1097.731784
1133.916384
1129.152604
1248.990224
1132.06697
1162.809518
1313.466636
1750.329603
1136.174331
1175.630775
1310.68371
1064.222089
936.38422
1282.917856
1001.701859
1403.197155
1100.967573
1052.98529
1262.574717
1324.841357
1177.767338
1239.555286
1401.73846
1334.634049
1063.78683
1212.971256
1321.480812
963.929686
1056.709811
1180.32698
1156.360732
1464.334836
1203.860377
1360.855749
1286.609217
1107.71039
1263.0243
1368.748919
1512.007356
1303.227419
1093.675959
1005.113269
1196.391399
1252.924334
1291.518728
1366.785255
1083.06341
1146.834781
1130.564381
1137.897269
1184.924325
1041.62493
1057.258718
1241.847123
1282.728358
1151.32452
1122.577414
1063.141933
1017.249041
1105.100437
1062.452665
1253.026805
1188.467097
1343.554351
1423.77683
1093.901068
1104.609794
1203.526085
1338.5928
1387.819931
1294.468938
1191.35319
1224.302577
1367.101477
1029.613058
1426.450019
1239.364673
1513.062614
1405.572715
1455.754688
1112.872479
1353.660278
1197.794143
1256.660295
1132.950763
1171.232531
1109.174296
1155.597785
982.366199
1303.614281
1143.861339
1149.526877
1141.664266
1393.351949
1155.090466
1372.566241
1244.370976
1147.332474
1209.98973
1593.401786
1264.647854
1258.352364
1124.613006
1187.734025
1289.922778
1295.967528
1234.098478
1147.288552
1196.120763
1087.962844
1194.575311
1240.060683
1138.631509
1409.107806
1107.54175
1102.463764
1274.304857
1180.000647
1185.230891
1339.227027
1228.588865
1030.959297
1205.074361
1435.402924
1173.138306
1188.433772
1017.143733
1212.597555
1335.104344
1286.828836
1276.889348
1209.714644
1219.291923
1254.69407
1022.079157
1360.194714
1209.464332
1020.566523
1041.181276
1155.640279
1431.218575
1419.453129
1261.316041
1130.063175
1135.145919
986.76182
1362.194837
1169.915926
1276.949383
1335.796471
1194.835671
1105.825981
1139.446499
1010.560496
1062.492751
1078.083381
1436.771565
1342.421826
1141.483036
1125.260022
1219.427224
1025.22629
1172.246969
1278.546793
1062.64092
1163.905941
1361.300693
1086.427009
1341.556974
1027.001955
1267.672686
1101.034271
2.458762
1249.172377
1205.169035
1294.497191
1276.427905
1599.756421
1196.156808
1356.638413
1205.390484
1174.793176
1163.683649
924.788559
1224.797265
1365.441487
1065.527419
1170.908282
1341.951068
1073.275704
1376.020878
1355.734492
1355.606898
1119.491046
1122.265359
1324.342201
1267.595718
1811.134083
1200.858161
1364.061077
1339.215211
1359.771576
1296.260007
1140.096877
1337.500109
1428.781071
1126.157727
1255.447311
1039.620507
1015.011579
1337.823182
1300.981196
1128.796172
1068.431901
1038.706304
1540.088007
1078.32773
1213.909799
1066.204957
1351.423537
1375.208849
1033.254461
1178.907518
939.490946
1262.474019
1310.862369
1097.511292
1480.357338
1267.613992
1412.377511
1341.465189
1085.536119
1186.594895
1551.900924
1162.407514
1249.992381
1060.812623
1520.527604
1280.648361
1232.058299
1377.927214
1312.583003
1087.905742
1010.086367
1158.37513
971.5887
1132.258844
1316.818419
1134.550484
1323.546374
1298.447391
1282.98111
1237.23136
1018.517638
1202.184579
1219.672694
1125.012242
1098.171935
1105.805396
1037.519851
1126.943965
1159.51261
986.844957
1202.19656
1251.913822
1.389233
1168.642892
1338.456296
1374.677482
1400.51085
1488.549462
1438.067956
1031.232224
1197.075817
1305.664658
1058.377298
1180.916271
1516.550822
1240.543666
1202.700915
1069.02899
1208.773647
1404.153793
1337.333898
1276.508152
1323.638556
1288.599874
1308.579166
1267.876911
1280.869994
1228.715279
1010.878859
1377.65347
1154.296166
1127.23309
1184.693163
1317.856572
1177.201729
1467.498129
1396.305906
1399.448604
1033.987745
1080.890118
1197.315845
1397.093491
1303.339118
1280.19186
1322.877464
1348.442157
1344.94184
1145.694054
1222.487805
1171.73579
1183.791978
1185.345352
1033.789928
964.163477
1124.56721
1076.069181
1351.588709
1311.525455
1343.075751
1529.330295
1407.735238
1172.535807
1054.804094
1303.541076
1189.891469
1468.910547
1096.606357
1336.489077
1194.355295
1685.085281
1166.196839
1233.478994
1136.410792
1081.388036
1141.269384
1288.167077
1262.220659
1361.279022
1269.314274
1254.039702
1232.320579
1086.410504
1228.691296
1159.38236
1202.720348
1444.861061
1080.955611
1152.52122
1111.421974
1240.960583
1101.959849
1017.683736
993.74
1382.405602
1107.963032
1228.387203
1245.590267
955.494224
1276.678827
1193.51926
1144.080765
1185.574814
1147.528502
1206.900478
1221.104502
1042.174423
1194.316309
1211.084568
1205.901009
1498.542696
1235.966399
1209.635624
1403.36141
1399.653269
1014.682327
1201.532166
1214.218387
1086.212169
1083.555639
1107.859367
1240.507494
1587.149256
1548.055708
1307.622431
1305.535559
1223.833715
1297.400281
1192.594797
1254.552331
1274.375522
1310.723015
1028.807118
1454.351783
1114.825024
1221.851862
1391.961272
1454.603553
1269.464814
1413.768653
1127.662668
1255.174902
1143.843855
1402.335059
1260.994949
1042.550538
1245.899644
1203.316146
1033.068438
1144.633334
1257.255959
1188.904575
1141.780264
1299.692205
1254.25098
1060.244171
1094.726878
1244.044385
1132.649895
1195.229252
1215.846612
1079.423166
1082.471107
1140.999865
1238.287316
1303.580698
1260.481182
1186.758868
1328.001197
1068.104385
1149.377173
1023.731862
1053.636582
1017.539166
1144.55294
1062.783613
1253.324302
1387.595166
1143.73897
1279.728518
1263.399291
1236.114947
1451.789416
1220.98574
1312.580948
1269.021095
1395.08126
1056.714872
994.005778
1304.362996
1255.251322
1254.77351
1176.133439
1342.206421
1214.493119
1283.305457
1243.965858
1268.043073
1301.562527
1103.337793
1051.024392
1094.325737
1298.773878
1156.698716
1305.866072
1071.6315
1526.664817
1207.801692
1231.800432
1051.261934
1066.625037
1383.237873
1210.673548
1695.921006
1300.043395
1169.197033
1081.635956
1016.285129
971.637006
1132.854614
1132.741166
1296.090811
1429.057646
1136.835892
1217.421051
1153.303831
1122.209836
1132.706477
1164.671621
1456.305212
1199.861872
1297.115403
1325.201058
919.643602
1035.911652
1406.17946
1150.017943
1022.264304
1373.060145
1276.35515
1107.129593
1221.241578
1211.745275
1245.416857
1447.401886
1168.12097
1253.427368
1159.719328
1047.174013
1338.660281
1183.040988
1399.232679
1196.997995
1289.993741
1131.989422
1181.607009
1117.507942
1336.030121
1209.697405
1281.162629
1120.299352
1338.019864
1070.374843
1118.609002
1251.303793
1098.949784
1009.600762
1313.121609
1127.315251
1276.307358
1258.215168
1279.78393
1193.664581
1363.558795
1198.768679
1404.775044
1106.071762
1136.419434
1061.641235
1229.039759
1133.071216
1193.990113
1138.533722
1008.60588
950.950798
1437.101041
1177.1041
1148.712797
1121.899304
1119.803269
1154.864959
1249.911239
1076.146741
1158.389226
1396.19227
1339.047577
1131.477271
1177.503173
1266.446986
1180.290235
1396.897435
1352.296706
1205.549211
1164.898445
1128.790733
1078.673118
0.130366
1202.768321
1059.579374
1355.658335
1192.891128
1347.875136
1256.685288
1127.308345
1118.484958
1287.004842
1116.967184
1047.34109
1324.257109
1230.346369
1490.237909
1123.867612
963.869815
1361.396447
1083.875373
1202.112333
1262.517653
1218.207907
1153.732554
1225.031131
1336.557328
1254.506969
1429.089126
1194.588406
1207.583967
1271.323183
1356.838752
1294.747146
1092.742525
1016.608678
1193.442342
1247.187839
1317.17231
1382.066235
1060.421114
1243.255334
1247.058088
1438.778524
1357.657221
1344.422822
1258.977049
1273.793377
1085.151449
1411.717268
1264.458651
1368.459794
1366.308167
1020.763618
1085.119959
1311.74021
1079.149172
1080.877008
983.591681
1182.142448
1546.61197
1124.380406
1297.771432
1010.295809
1073.250668
1114.876358
1168.239909
1280.298234
1050.073079
1084.076495
1253.213856
1099.086583
1077.213149
1163.552822
1161.476938
1162.764946
1166.594873
1109.776146
1237.756551
1357.929565
1347.75803
1272.676677
1140.139707
1370.42617
1300.506567
1074.550272
1284.383312
1199.269974
1295.920467
1324.184744
1102.799657
1202.412506
1423.368346
1142.882068
1047.304781
1181.447294
1136.693883
1303.444717
1202.384709
1309.283982
1138.59302
1456.153108
1381.132485
1420.117499
1215.744099
932.124864
1361.21368
1107.784124
1207.060452
1359.166818
1234.810236
1239.950078
1109.781858
1138.910847
1232.280712
1414.294055
1386.037628
1034.165418
1145.520379
1125.604745
1470.055091
1245.11139
1376.567921
1001.507493
987.836942
1243.98832
1234.954812
1090.557764
1114.905176
1152.866375
1270.199759
1558.607101
1031.211088
1075.336658
1328.624044
1167.748034
1234.985422
1142.276476
1258.202587
1173.391864
1045.124253
1243.66569
1147.099055
972.334589
1197.298126
1426.126323
1593.514651
1512.044845
1214.703597
1279.201164
1163.279417
1114.295924
1083.241582
1238.195748
1265.962286
1419.647938
1454.925071
1405.347197
1233.595084
1196.973558
1134.925462
1235.05624
1211.901555
1362.446318
1056.258968
1303.677694
1293.055167
1147.992621
1546.297916
1063.227583
1230.749117
1198.901175
1387.147376
1376.956786
1252.459892
1079.994016
1195.919626
1255.458221
963.751387
1140.678399
1119.631838
1431.199761
1209.482176
1068.377448
1032.055989
1319.629117
1093.218288
1383.283371
1319.57577
1542.318584
1594.744061
1416.252675
1128.402172
1458.556873
1294.135659
1269.295359
1215.653571
1057.563189
1052.970906
1329.059546
1280.501651
1080.726562
1285.015946
1181.208154
1391.656882
1321.046783
1285.612813
1188.99549
957.086713
1080.395036
1345.115896
1249.531306
1330.851741
1161.542259
942.184665
1253.732229
1133.68499
1258.07718
1362.659435
1395.356785
1433.550683
1215.48509
1303.500894
1161.234833
1406.633038
1277.763333
1180.096687
1539.604114
1221.761226
1202.030383
1302.693735
1353.681722
1037.757388
1271.786459
1303.930505
1249.67754
1257.30182
1017.630922
1263.008956
1431.464517
1233.327765
1067.812327
1196.809083
1294.036926
1275.038223
