2.588997
0.408572
0.836477
0.647543
0.528391
0.27249
0.54596
0.361478
0.413931
0.371757
0.382204
0.39445
0.384394
0.381236
0.433097
0.46481
0.457784
0.643132
0.51374
0.398144
0.39809
0.485729
0.381435
0.323673
0.147275
0.070469
0.29643
0.212663
0.373942
0.456766
0.136737
0.10783
0.311369
0.199396
0.157452
0.342292
0.26525
0.269448
0.399613
0.234879
0.243313
0.527325
0.464294
0.196721
0.339714
0.254505
0.352359
0.298425
0.455174
0.09053
0.197168
0.101099
0.49635
0.693356
0.118188
0.444671
0.184214
0.314162
0.273409
0.171706
0.167686
0.211586
0.597384
0.293286
0.130146
0.439803
0.169113
0.193396
0.31238
0.32566
0.210825
0.217422
0.099157
0.293051
0.530466
0.130616
0.238543
0.122969
0.25205
0.236232
0.281903
0.121103
0.20932
0.298852
0.244512
0.375899
0.320491
0.113046
0.301156
0.365097
0.106525
0.12775
0.126294
0.173583
0.281253
0.129476
0.691444
0.131831
0.148452
0.234429
0.215589
0.337249
0.24988
0.356232
0.221946
0.386139
0.226486
0.257445
0.177194
0.126137
0.122131
0.200622
0.161563
0.173512
0.117771
0.374707
0.159385
0.222622
0.247546
0.195706
0.198056
0.276071
0.346762
0.209832
0.196159
0.291316
0.240359
0.456189
0.133394
0.599006
0.305636
0.166057
0.19858
0.331882
0.238305
0.517348
0.175291
0.33969
0.048089
0.205417
0.23759
0.106079
0.448997
0.133814
0.293785
0.200477
0.208788
0.499002
0.584569
0.177255
0.202234
0.331208
0.285839
0.183763
0.28723
0.254998
0.257409
0.159375
0.281337
0.294718
0.128196
0.373602
0.496541
0.199974
0.187332
0.133691
0.344031
0.373158
0.210459
0.136382
0.285877
0.189767
0.185633
0.19332
0.16487
0.118779
0.248789
0.454168
0.279246
0.546845
0.308381
0.38053
0.112849
0.219086
0.126196
0.357195
0.378378
0.184376
0.222436
0.274282
0.209436
0.174141
0.164152
0.120245
0.344511
0.241817
0.195049
0.196898
0.181737
0.162488
0.259447
0.310616
0.263262
0.226971
0.71306
0.233756
0.407461
0.245414
0.206465
0.212953
0.25127
0.292265
0.203483
0.139673
0.648761
0.287956
0.269127
0.272653
0.223184
0.35718
0.270676
0.199141
0.173977
0.19567
0.220269
0.322229
0.300021
0.128471
0.236698
0.210332
0.297268
0.133757
0.222895
0.156044
0.294664
0.16364
0.266323
0.329634
0.37549
0.197822
0.158768
0.225475
0.224233
0.244507
0.555402
0.213994
0.204419
0.45181
0.103201
0.146221
0.221029
0.310553
0.314564
0.186514
0.145283
0.74841
0.166424
0.187291
0.193526
0.349081
0.468265
0.363138
0.363853
0.240588
0.158702
0.330351
0.104226
0.096775
0.401913
0.130311
0.450108
0.283364
0.472345
0.316937
0.500233
0.327778
0.297448
0.29137
0.194756
0.138337
0.372668
0.299512
0.176405
0.211547
0.24557
0.102856
0.391896
0.393404
0.14939
0.280274
0.321224
0.115203
0.192812
0.245796
0.179501
0.188084
0.299419
0.106136
0.340855
0.524795
0.215032
0.487276
0.336383
0.26373
0.222025
0.28928
0.250655
0.127895
0.368043
0.213695
0.308632
0.201626
0.220074
0.300364
0.085466
0.159868
0.215502
0.375078
0.159263
0.123944
0.216323
0.138586
0.109781
0.497572
0.086068
0.277455
0.239465
0.213314
0.27821
0.377989
0.300462
0.07912
0.091169
0.340502
0.355336
0.226668
0.181987
0.131321
0.16192
0.296365
0.291261
0.348505
0.181491
0.100571
0.422657
0.181786
0.38758
0.169935
0.22726
0.296796
0.29363
0.433561
0.386436
0.26525
0.33261
0.353497
0.13
0.384622
0.308227
0.520844
0.120318
0.288546
0.340325
0.583285
0.392007
0.265953
0.141807
0.257163
0.278736
0.248291
0.083313
0.220837
0.117575
0.212813
0.356004
0.086506
0.311487
0.292812
0.332154
0.209115
0.617333
0.379814
0.225631
0.491571
0.352769
0.206629
0.132406
0.056655
0.330075
0.213315
0.401144
0.448334
0.242866
0.360183
0.352158
0.085697
0.199491
0.188733
0.122151
0.331665
0.064186
0.286906
0.242785
0.096599
0.21449
0.119813
0.281172
0.46267
0.066255
0.177124
0.299585
0.366816
0.302186
0.383771
0.254711
0.295166
0.078854
0.068616
0.372275
0.08069
0.308144
0.161361
0.180366
0.173373
0.332305
0.254323
0.273685
0.288585
0.195957
0.160365
0.210355
0.377497
0.278487
0.128881
0.266203
0.309059
0.293627
0.733935
0.242172
0.258179
0.302499
0.254385
0.264679
0.321515
0.285513
0.179794
0.299108
0.291407
0.202916
0.462814
0.201919
0.206808
0.158339
0.142186
0.044609
0.290908
0.377987
0.348594
0.361154
0.256716
0.36718
0.182927
0.172342
0.307493
0.44768
0.144191
0.217875
0.276745
0.175671
0.150832
0.078481
0.225502
0.401774
0.146499
0.308546
0.354793
0.122649
0.40204
0.333615
0.202775
0.282121
0.118641
0.162374
0.392941
0.204612
0.131136
0.28603
0.289661
0.114502
0.322875
0.136925
0.118973
0.31474
0.071063
0.27685
0.417387
0.216269
0.287282
0.138198
0.235023
0.287233
0.302145
0.300702
0.380858
0.221176
0.1623
0.547793
0.192161
0.163196
0.494696
0.340661
0.148493
0.169524
0.226605
0.41435
0.187826
0.244181
0.414331
0.158335
0.647749
0.463503
0.227111
0.097251
0.097215
0.189323
0.278639
0.275388
0.410688
0.329791
0.41107
0.236446
0.303532
0.165308
0.264927
0.45426
0.128973
0.093121
0.208272
0.317787
0.146235
0.506154
0.147239
0.30013
0.453304
0.203518
0.263086
0.389307
0.119912
0.132077
0.204122
0.301542
0.147746
0.162191
0.160919
0.292606
0.428547
0.244518
0.261368
0.112681
0.337675
0.298492
0.193053
0.140672
0.076357
0.355108
0.132943
0.205075
0.128131
0.128807
0.152252
0.278595
0.314002
0.172883
0.264238
0.332884
0.083475
0.093105
0.405839
0.274144
0.205126
0.154131
0.379058
0.194409
0.101191
0.280626
0.221835
0.18425
0.305551
0.270546
0.07062
0.342316
0.138602
0.209
0.128676
0.097179
0.283395
0.423141
0.228114
0.185039
0.148463
0.191376
0.308701
0.18593
0.183835
0.15892
0.160302
0.152879
0.174933
0.295858
0.065875
0.153069
0.260605
0.297381
0.424967
0.14514
0.283357
0.386111
0.193312
0.139031
0.378904
0.448283
0.326832
0.224629
0.098788
0.284416
0.132749
0.117817
0.149995
0.462972
0.34382
0.333133
0.178723
0.118324
0.391654
0.182516
0.116961
0.37272
0.266918
0.399772
0.356516
0.314489
0.351063
0.090396
0.263228
0.12959
0.355585
0.412367
0.428747
0.232386
0.207631
0.174291
0.092688
0.479657
0.224393
0.166049
0.22166
0.401569
0.174996
0.377628
0.187865
0.261583
0.331585
0.397196
0.153571
0.105774
0.193953
0.242305
0.413569
0.275473
0.312004
0.175856
0.204812
0.114017
0.164153
0.163214
0.219678
0.422782
0.178562
0.192606
0.179718
0.226742
0.430255
0.754018
0.224659
0.177589
0.322543
0.234841
0.167373
0.301656
0.353019
0.088069
0.143462
0.339726
0.310806
0.34444
0.406898
0.116158
0.124837
0.161917
0.526605
0.161691
0.189079
0.302997
0.549276
0.281838
0.090067
0.169421
0.159494
0.169769
0.280058
0.294749
0.350031
0.188633
0.334266
0.406967
0.42211
0.181206
0.562484
0.559023
0.247441
0.425294
0.307841
0.17202
0.077587
0.447766
0.380473
0.382976
0.327084
0.13368
0.330212
0.21417
0.217775
0.36941
0.446787
0.411476
0.211847
0.167829
0.306661
0.134016
0.188179
0.220911
0.22135
0.115575
0.589049
0.253385
0.296988
0.385725
0.079375
0.175338
0.101301
0.235525
0.489605
0.276202
0.213308
0.250877
0.141098
0.517687
0.158659
0.424843
0.212688
0.19442
0.232093
0.103047
0.375015
0.283673
0.267979
0.300738
0.22213
0.312492
0.362357
0.367829
0.22333
0.346632
0.508848
0.383065
0.448878
0.144687
0.137711
0.088078
0.380037
0.266991
0.267964
0.32696
0.28103
0.313482
0.2793
0.170324
0.101959
0.20741
0.203088
0.16081
0.30789
0.606092
0.24181
0.207279
0.160232
0.438214
0.360125
0.276106
0.108307
0.301292
0.232785
0.101169
0.371657
0.335032
0.270881
0.088532
0.124431
0.216626
0.426829
0.132793
0.336155
0.206678
0.379547
0.21399
1.474484
0.427923
0.289193
0.217776
0.188591
0.255307
0.286943
0.339953
0.159313
0.047084
0.245768
0.119672
0.124243
0.161585
0.059902
0.29577
0.168064
0.221671
0.452644
0.23759
0.131858
0.282169
0.33882
0.197644
0.168576
0.176721
0.33731
0.215043
0.267706
0.116756
0.225643
0.201285
0.277036
0.091449
0.18476
0.231801
0.276439
0.096978
0.404732
0.406488
0.410657
0.27142
0.133574
0.185625
0.214082
0.247383
0.076232
0.400786
0.219212
0.27484
0.076505
0.256394
0.215896
0.216575
0.119943
0.086211
0.153958
0.212843
0.27233
0.376073
0.291249
0.398749
0.187536
0.136502
0.30418
0.340172
0.334554
0.460828
0.388988
0.395014
0.386399
0.269103
0.194178
0.125147
0.341684
0.234731
0.256119
0.568622
0.214293
0.190362
0.495693
0.475582
0.097453
0.193225
0.226395
0.267216
0.256793
0.245555
0.226423
0.163584
0.100221
0.30867
0.264564
0.230011
0.239538
0.064183
0.54455
0.408943
0.281552
0.15842
0.344153
0.265234
0.122818
0.312082
0.382239
0.268964
0.2529
0.189406
0.121586
0.218842
0.398127
0.283044
0.181718
0.397445
0.088411
0.32625
0.411685
0.397009
0.458828
0.187886
0.367762
0.267218
0.094523
0.191959
0.308987
0.387004
0.138269
0.424157
0.196567
0.139586
0.246236
0.228429
0.133746
0.120522
0.489272
0.234294
0.130649
0.393699
0.396271
0.240167
0.22064
0.289296
0.210256
0.326019
0.355827
0.127171
0.343687
0.172355
0.121462
0.347678
0.07595
0.54734
0.340113
0.130362
0.133011
0.565728
0.20926
0.173337
0.353241
0.169291
0.19418
0.198673
0.219517
0.190001
0.149889
0.149959
0.374238
0.362156
0.212499
0.215797
0.147072
0.285287
0.183501
0.12663
0.357861
0.194477
0.374741
0.119679
0.193119
0.363843
0.359812
0.163918
0.149906
0.271252
0.109166
0.329236
0.296813
0.211898
0.118933
0.152032
0.109324
0.454789
0.443357
0.404355
0.109682
0.273708
0.239271
0.255316
0.193888
0.17544
0.256584
0.217663
0.398873
0.276293
0.193543
0.570766
0.125347
0.213231
0.187501
0.255683
0.212119
0.300184
0.398932
0.134525
0.186393
0.341641
0.14271
0.146458
0.273565
0.200552
0.244354
0.226106
0.262448
0.143972
0.235106
0.170505
0.061482
0.457526
0.245273
0.218965
0.200664
0.340434
0.478176
2.701856
0.356319
0.361429
0.358522
0.331898
0.258113
0.221176
0.154785
0.187337
0.266164
0.324964
0.268243
0.228309
0.21276
0.646012
0.160752
0.182049
0.426407
0.276679
0.294214
0.203479
0.411186
0.107652
0.243766
0.147162
0.103486
0.282548
0.143461
0.183927
0.297699
0.246057
0.628263
0.295232
0.198479
0.15182
0.081424
0.128433
0.298856
0.217341
0.314311
0.119624
0.365124
0.334811
0.405572
0.381252
0.156828
0.225758
0.33122
0.23857
0.186063
0.304974
0.37691
0.331869
0.309286
0.213356
0.308162
0.16872
0.490125
0.211018
0.40259
0.46828
0.184282
0.345888
0.509789
0.183034
0.195747
0.223888
0.501718
0.279008
0.082425
0.383336
0.246508
0.308144
0.248571
0.21756
0.32311
0.332415
0.064729
0.172505
0.347314
0.139814
0.16466
0.197686
0.105424
0.175823
0.280116
0.640555
0.320517
0.204437
0.09512
0.334685
0.179147
0.195495
0.349815
0.293157
0.534998
0.087928
0.28116
0.109974
0.171562
0.269816
0.232657
0.104927
0.236709
0.564263
0.258164
0.294588
0.197743
0.058372
0.251232
0.253371
0.149596
0.165223
0.111791
0.295368
0.248722
0.26621
0.462592
0.093878
0.198592
0.371101
0.249251
0.362716
0.404041
0.158795
0.140415
0.215972
0.279922
0.35521
0.110307
0.296976
0.576125
0.134479
0.26289
0.314667
0.160523
0.231939
0.120595
0.182196
0.264619
0.245132
0.187879
0.136393
0.207304
0.396736
0.346435
0.242385
0.214282
0.104091
0.551634
0.283896
0.334708
0.564211
0.286124
0.354872
0.228178
0.262824
0.232038
0.272946
0.335036
0.405462
0.258886
0.216794
0.464818
0.15597
0.25194
0.117046
0.418022
0.140224
0.317108
0.068253
0.166694
0.312155
0.280315
0.218123
0.465871
0.128125
0.235672
0.261397
0.264309
0.326466
0.409994
0.405187
0.156728
0.387114
0.190038
0.26835
0.538099
0.149122
0.36245
0.276128
0.157372
0.249889
0.133231
0.114435
0.332703
0.216996
0.205213
0.133271
0.376824
0.255592
0.35181
0.223235
0.159766
0.372669
0.19794
0.179727
0.183469
0.368535
0.50463
0.166119
0.138327
0.197601
0.29952
0.052701
0.377878
0.485846
0.212389
0.347621
0.226115
0.067157
0.247804
0.311635
0.177105
0.292672
0.238923
0.223837
0.253099
0.061375
0.177177
0.357477
0.295943
0.208036
0.184521
0.233159
0.233129
0.055448
0.182452
0.358059
0.25408
0.218137
0.341998
0.407848
0.190896
0.292241
0.25956
0.258139
0.174209
0.189776
0.208373
0.251881
0.510018
0.179468
0.147642
0.275979
0.389536
0.326818
0.328133
0.239367
0.263598
0.291694
0.178035
0.329324
0.34366
0.115007
0.28056
0.407711
0.087284
0.23236
0.372071
0.14334
0.147309
0.281773
0.458591
0.18375
0.192015
0.278303
0.377676
0.339246
0.125139
0.460614
0.311629
0.25102
0.061942
0.300038
0.374964
0.275788
0.211932
0.327117
0.324752
0.178834
0.136281
0.137099
0.283005
0.335714
0.307701
0.210563
0.144805
0.332886
0.335644
0.217852
0.217521
0.239357
0.351219
0.301298
0.527671
0.122813
0.16707
0.215836
0.110751
0.150626
0.053531
0.300617
0.098996
0.060746
0.313612
0.396551
0.12639
0.321328
0.513203
0.188577
0.333731
0.359671
0.439869
0.29753
0.195255
0.375854
0.155385
0.211293
0.161065
0.208805
0.265408
0.248288
0.120036
0.192933
0.210704
0.195214
0.438568
0.284606
0.139331
0.370267
0.640417
0.365607
0.437548
0.240976
0.339226
0.16633
0.328537
0.436489
0.165607
0.411836
0.327167
0.17385
0.1585
0.205597
0.290789
0.464998
0.19046
0.116731
0.261304
0.464272
0.522535
0.327696
0.093316
0.323248
0.14964
0.199607
0.311842
0.098108
0.261502
0.174275
0.348493
0.225797
0.150813
0.193082
0.331537
0.349345
0.62215
0.229374
0.263464
0.343167
0.178749
0.197534
0.211204
0.374425
0.138312
0.165349
0.414343
0.184317
0.217859
0.157456
0.302866
0.179718
0.335207
0.373397
0.23694
0.117327
0.374406
0.264458
0.360405
0.835893
0.359833
0.17151
0.250809
0.327538
0.234849
0.221155
0.36371
0.343757
0.15565
0.195219
0.345749
0.168062
0.115623
0.337835
0.347638
0.207377
0.202895
0.150778
0.136209
0.114035
0.405068
0.455644
0.251358
0.19795
0.440096
0.227768
0.27508
0.290518
0.258649
0.285854
0.341069
0.242025
0.259906
0.280968
0.0605
0.24634
0.235023
0.206159
0.203628
0.139966
0.159247
0.306106
0.157042
0.332631
0.235017
0.208481
0.136059
0.177274
0.100313
0.266169
0.156228
0.185202
0.372233
0.13804
0.094914
0.214734
0.039475
0.304432
0.240134
0.205815
0.202067
0.330462
0.302719
0.466406
0.110407
0.291339
0.205767
0.306233
0.225101
0.371181
0.184327
0.418905
0.347023
0.169187
0.127279
0.271417
0.378554
0.261473
0.18559
0.140075
0.157807
0.275326
0.255592
0.039447
0.272474
0.330492
0.392758
0.162684
0.279312
0.214989
0.268689
0.285084
0.229766
0.144529
0.21665
0.06595
0.135149
0.30052
0.201556
0.268012
0.253189
0.156968
0.424113
0.434316
0.210382
0.416216
0.171289
0.115538
0.388247
0.093289
0.214361
0.462473
0.119224
0.427159
0.274413
0.2928
0.271523
0.224399
0.29129
0.327683
0.159589
0.168953
0.2215
0.788611
0.136184
0.222787
0.221709
0.21512
0.266205
0.173383
0.206543
0.055704
0.470759
0.258851
0.143591
0.47138
0.29458
0.214343
0.23634
0.342676
0.410303
0.188967
0.17487
0.303497
0.456636
0.416226
0.401681
0.252216
0.173389
0.105544
0.240341
0.278799
0.085399
0.214527
0.162757
0.205263
0.209601
0.218794
0.225234
0.132491
0.163207
0.202634
0.16397
0.24624
0.360247
0.336302
0.301777
0.400765
0.294131
0.308365
0.186103
0.162584
0.212743
0.36626
0.29169
0.05732
0.177396
0.474931
0.341617
0.422091
0.168804
0.33361
0.209188
0.250614
0.336216
0.295393
0.333146
0.231529
0.199226
0.145369
0.128912
0.273292
0.156816
0.341695
0.201011
0.311243
0.185663
0.282598
0.186642
0.046546
0.140066
0.178497
0.153078
0.269191
0.314122
0.400163
0.127491
0.238648
0.139563
0.158415
0.206163
0.175986
0.06166
0.282848
0.223078
