1226.336674
946.477465
1042.198421
1121.29156
1070.074146
948.972564
854.549738
861.368915
1057.007729
952.754194
982.145701
1046.482255
895.975881
904.342491
906.550525
1185.053147
1019.803234
860.46274
994.13323
1103.109349
865.454903
978.809526
1027.512085
1143.93218
886.741428
975.418054
899.969114
1117.949748
1108.525454
1023.147435
835.310204
1024.730623
973.624093
1049.161908
1115.881112
903.511947
1145.323443
910.59476
992.609997
991.332407
919.864695
922.345846
925.520492
1035.813809
1098.145314
847.199244
1006.26738
849.273531
1026.330991
866.517136
937.080262
917.058798
911.56463
982.081718
1099.591742
1109.193659
1091.928206
1016.14458
1044.149234
1027.621443
999.804633
903.624434
1107.098911
1010.697016
1044.039146
1079.17772
1020.2331
865.854318
1051.213174
991.669014
858.528717
969.383239
959.985699
1004.59231
899.512569
1189.127891
1133.271231
1077.537692
908.511833
1063.960741
980.576228
990.791989
1017.960171
866.008564
1226.069188
904.953104
882.123403
1196.554546
993.087554
905.337239
973.763109
858.637403
1107.135411
1123.496964
1004.652308
955.938074
870.814604
875.004871
938.326471
846.013033
1043.322215
906.845743
945.211766
967.533888
1105.960318
1203.570776
939.492881
970.809859
976.129657
1018.584868
903.097154
1198.429092
954.184682
1083.018789
997.846084
906.510765
878.139041
949.618601
1053.053948
998.37966
1069.291379
866.488833
1067.944254
931.44657
1139.946767
935.03631
1068.536265
953.656364
920.465108
1058.161999
929.943152
1018.744988
941.839492
1095.624736
1188.287774
919.998115
952.220491
886.523711
876.233998
891.077817
1136.193456
1006.069695
983.806311
961.265306
1108.138187
989.155962
988.634609
926.385491
948.206573
1034.901569
950.597438
932.641199
1027.718827
960.337548
1126.691605
1030.384574
965.407466
1033.4096
1005.292394
999.590985
976.419094
1003.703558
896.275875
990.14859
1106.496883
1022.881451
924.218543
886.410664
908.275328
889.936031
853.799475
989.431415
883.874451
930.439409
1038.24337
852.855762
932.069377
829.544446
1001.307976
1028.739694
1076.486733
1027.169961
968.726769
1051.999813
990.840069
1093.785759
910.97266
1070.687772
1075.440051
988.618534
1061.366672
1029.664945
990.736907
973.560176
931.227238
1035.586128
0.507175
1120.992432
984.341885
918.647113
1163.764888
863.987056
1038.260513
1034.721804
1092.126403
927.584503
871.850834
1117.178617
940.207627
1057.053347
1123.004711
1074.082538
1038.894709
1127.252141
1014.779452
869.567733
1015.333275
1023.573994
942.895854
843.229516
907.7856
1009.3848
971.245566
1021.640823
967.686921
1130.562816
1088.335731
1001.9588
1030.334995
964.420744
918.909773
1055.988811
965.851794
1043.800106
876.501605
1077.647004
1026.179931
873.633803
1001.325256
1013.278765
960.418713
1002.017066
950.595553
1180.027161
1049.59926
955.299283
1127.669684
986.670246
905.92887
880.516996
943.572885
1180.641637
871.756031
1149.759733
1053.686145
1011.908672
1048.545225
993.015074
1018.630755
923.963551
1010.592584
1111.306768
929.227838
989.814037
1077.788275
989.019171
986.66556
989.794704
828.046671
1178.543791
906.769989
902.301965
986.128704
899.062553
957.363196
1092.946394
1128.544092
963.089828
1087.365863
916.857719
876.266383
972.911959
1240.761456
1059.480694
942.460932
899.918494
1101.526278
1019.07209
906.0473
945.574567
931.261299
1052.018086
926.710319
917.560548
1124.887375
1116.754006
1157.002473
1046.823641
949.307531
894.833885
1026.18999
1043.99648
1006.553412
1148.640488
922.372284
973.28398
1087.261958
1144.92006
851.185197
931.265431
1005.073967
1402.410986
858.550083
943.093544
1128.01398
1010.874234
1004.073054
880.154428
1115.483573
993.358898
1021.856116
1027.905516
876.940778
1048.065277
1053.129087
941.15638
870.417668
993.707429
954.860511
1074.563489
1086.814415
893.319003
1009.982084
1111.929468
1036.313565
891.776817
967.221915
951.692947
990.781729
1002.021002
939.654435
878.424497
943.321033
1205.455593
880.080386
1021.113048
1099.099915
897.695413
1037.000192
996.632296
1147.062301
1001.887701
915.718081
991.009944
970.961519
886.995686
967.745083
0.085143
1043.083571
906.561705
1091.68081
991.851156
902.204765
1067.892137
982.568842
1104.392852
1095.709547
860.936407
1039.181388
914.345502
861.088147
933.435154
982.418453
871.468066
1000.260567
933.540884
878.619871
862.422003
881.662862
977.062655
975.39141
923.7011
1060.338269
906.730131
878.732988
863.630269
1054.299322
933.825445
1027.106665
952.167722
1024.035765
1063.722598
1036.219721
1097.010691
851.107901
1090.437157
940.856114
971.624925
1083.617784
1087.504172
935.742457
1098.278527
867.019524
1019.758809
922.542364
1038.592587
1087.89976
983.244355
915.593651
1031.262517
1195.20579
874.232802
924.106262
1127.829427
1049.899114
994.907051
1098.388321
1002.193025
923.804576
928.736807
946.484775
1010.359386
967.053019
962.681059
1149.134
949.860202
894.621374
991.4012
919.551314
981.648637
987.074079
877.766484
895.780274
1003.911125
972.964757
1033.411446
1051.817448
985.743946
1005.668251
983.102105
872.506365
1029.010211
841.690807
876.669793
1089.047512
998.413234
1079.434573
1021.297597
1022.100915
958.7094
1033.895171
941.623959
1086.611771
855.023316
953.945283
940.567484
1096.678214
982.173812
1173.066938
879.708454
979.362699
974.815306
1095.954913
1123.286755
944.068149
1048.004731
907.747153
1045.405238
842.53396
1095.949608
998.334207
1039.055505
1225.394321
883.944744
1040.812706
888.815428
1026.71668
1103.843688
1130.281737
1027.590564
1011.766087
1005.114101
1066.346249
1025.675872
1064.819621
992.148218
901.035701
864.147803
934.769588
908.921576
871.372979
1012.73696
994.998341
1112.351648
996.303988
990.019514
1130.444049
1009.79171
975.486326
1096.52889
1302.879889
1097.311331
995.879207
958.32871
1182.909387
1161.778124
996.78225
1154.603865
960.482203
993.198329
858.455514
893.895132
1060.851027
869.622454
983.556149
925.367956
1078.061719
952.284925
1030.897532
936.323214
892.612501
1052.279414
1102.075571
915.875918
897.956672
1052.019388
1054.159864
1028.788192
887.734048
1026.717
1063.083619
995.81569
935.871713
965.552064
938.924964
1160.265236
1036.104982
1138.659026
987.426305
1069.73281
836.848738
1107.267535
1144.68487
1019.509711
999.968511
1037.932059
882.153289
952.980073
1032.168735
883.185856
996.905554
1129.463895
932.605139
986.604482
872.619822
1067.011632
1017.10914
827.07387
1125.739301
1026.607138
992.988649
956.719566
1076.875318
977.769159
944.371116
1070.825664
1138.104046
1126.324806
949.943334
962.106648
999.452232
900.874483
1039.240485
874.35926
1019.46156
921.068678
875.122921
970.865164
1235.095071
894.448889
935.502747
1013.969468
961.224802
933.195019
1063.917707
1137.184035
925.146827
935.672677
879.669981
1031.269966
933.977136
897.623729
1056.168709
883.962634
885.10965
950.107278
1005.837386
878.448097
913.393793
992.49247
1126.263837
1129.330576
977.906236
1173.001105
998.136612
1095.590459
885.361504
1051.758186
1054.518399
984.725563
924.596574
906.337526
948.755198
910.461303
962.138186
1061.043394
985.960506
1064.23925
1088.622829
907.085015
881.003472
968.035276
1075.27821
984.688006
996.540575
1022.940185
967.733811
1001.086754
842.730101
980.395775
1061.26201
994.123885
1071.245506
1058.697103
1121.517704
1079.468537
1150.60347
1040.268417
1040.036944
1009.80046
905.715016
1028.519353
1008.28457
1050.129096
1022.629664
997.425778
904.471017
1148.394025
865.877369
903.083991
1010.996769
1056.626702
864.167274
1018.072269
967.898755
1062.361854
1019.693771
915.432622
1041.484773
1065.613856
895.450778
880.468499
1047.070177
1070.818944
915.967139
1049.321573
1101.784052
930.147436
973.197434
1150.003075
1038.118972
944.723782
1060.230606
967.829491
1030.540213
1074.01087
941.701148
902.583182
1032.430473
1058.195229
982.458257
1016.28818
997.198269
1035.748454
1100.579682
1079.605615
1032.495609
1037.010409
875.659728
975.358411
884.439687
925.953443
1075.894276
1045.373593
1047.115845
1030.349169
885.308587
956.770063
971.894773
856.753662
1063.474776
962.146935
906.547309
874.745696
1088.407611
960.496239
940.768587
897.199601
871.519712
935.126381
920.135594
1095.563551
865.566487
996.337565
939.319442
995.148505
1200.721716
1061.266571
1074.231724
996.795718
1010.047599
1063.00525
929.124125
1092.848988
936.963032
1057.993011
943.358156
1006.443232
904.422183
1072.431659
858.020719
1034.487648
1094.140169
839.597955
960.308697
942.736172
947.698207
854.889354
908.320444
982.165902
1070.971294
855.107206
1021.067642
830.065998
853.977993
938.982946
909.035228
1036.177668
988.645264
1117.458667
990.619467
935.169869
1011.418609
972.497544
874.537912
953.856536
1065.251848
918.103749
926.32077
966.001634
984.214886
983.569037
955.615158
1138.245321
962.297005
970.760322
1037.95339
916.205825
872.500064
1065.682159
1007.620224
1025.696698
937.213054
895.15832
1008.141755
1073.428067
942.663121
967.072287
880.780193
1032.736767
1057.89333
864.041285
1045.268404
1146.67187
896.980711
965.886884
1046.309065
1033.88287
1012.469983
947.570532
1059.609627
997.012343
959.207216
1024.757535
918.586401
847.353067
929.510537
838.44711
962.146463
1031.173646
981.02837
865.830089
1055.523395
1141.283255
1004.914634
922.564985
853.864471
1001.011747
1147.559579
990.901998
1069.596418
938.778763
954.485312
1072.808706
1020.375191
1072.212629
995.101523
1001.509979
1079.939826
1008.963387
972.890666
972.50538
1074.964035
1017.734451
904.913468
952.662705
1115.932776
943.064307
1014.533222
1141.285896
1096.580619
956.723017
867.156302
942.492227
917.810684
968.315264
983.798853
1040.686053
1057.060175
1011.008956
921.681232
961.301763
946.902192
990.065575
1036.849103
1149.205116
1029.44144
1029.729832
904.456523
1048.863859
911.514985
1047.959145
1037.16945
1098.432313
994.125628
910.38479
948.357239
904.23643
902.397667
867.735402
967.727469
1128.492715
1025.90233
1085.478277
902.388031
939.526926
860.414261
1026.691839
1009.947363
920.952535
1023.745261
1027.572144
897.301863
1012.208398
997.483041
996.384292
1131.155764
856.081168
947.463953
935.2706
918.962289
1040.844886
1028.875528
915.013505
889.97285
1032.47049
1062.09648
913.713218
936.058729
1000.96587
952.702302
1031.903855
1018.868036
976.673247
911.499578
1103.478364
993.591015
1031.946253
1125.199935
953.073122
852.13305
895.235408
1145.842044
945.330283
977.597263
1055.08228
1078.721996
1030.117849
1018.089013
903.610938
1016.928762
974.126103
978.631112
1108.716592
956.808358
1046.208534
1015.413627
945.944686
947.785218
1154.919564
1018.637823
1015.508234
868.968998
1017.569093
947.337361
1041.482667
890.636318
998.829831
1029.330566
929.278909
943.881125
978.142077
1031.984526
989.674482
997.440653
859.964875
878.60756
964.035991
1072.512737
1052.534342
907.880969
898.225572
956.303133
1091.948693
1033.282065
1111.552682
942.825448
1053.931816
1135.477239
912.279059
889.696825
894.818717
982.047638
923.630171
997.078819
997.364479
913.284966
855.249698
1017.880563
1089.721179
1208.077212
913.72987
1053.992635
995.152199
1047.137979
1132.990873
1082.712287
1249.749058
885.473033
902.749968
990.729452
955.316985
950.221298
978.511894
934.963411
876.804734
1089.097498
1187.45448
939.246618
970.832959
996.033735
873.960574
1097.310331
993.695757
936.798612
898.78851
961.025673
1151.074718
1183.131137
1056.844858
919.348603
924.202751
1022.615011
999.468406
1009.646317
997.104415
1061.435837
972.56651
977.829629
915.055882
889.849361
963.640624
926.031883
1090.894423
954.076048
1029.275045
965.199553
1026.323348
1001.481097
935.420381
1071.789779
1057.775735
934.920137
1040.238778
886.794063
1108.714669
993.333928
861.007367
968.719756
910.011817
856.476494
1044.521131
1115.422446
860.263859
974.106856
0.729655
907.098199
842.892136
926.774892
964.350702
1003.009522
920.332299
995.598805
1057.274752
1068.909128
983.608858
1067.258904
861.753999
920.326904
1084.731221
965.316988
976.880187
1065.343759
1085.454869
996.344727
870.22162
1035.804153
890.62561
1098.70532
1066.12392
1271.910454
885.330087
1145.632834
1181.733353
1148.121017
877.428278
921.793001
1053.218565
1094.100638
1027.194367
1046.02264
1143.07831
965.295573
1108.594448
1005.546658
1054.285564
1071.133675
985.193843
908.07202
962.225573
1069.240916
1034.280165
1063.96109
980.867373
914.832539
979.013608
1044.9556
1115.638853
1018.099151
1051.689135
866.378771
942.364794
1024.55247
906.688443
1066.357031
866.445336
1029.122889
899.170823
1023.218733
907.649958
955.425229
854.447359
1072.08652
939.418087
1144.929286
848.669716
1032.538053
1046.945243
979.056966
1023.572848
985.525168
878.827309
1112.942414
1026.984641
833.199725
883.123478
1107.841448
861.323221
939.329291
1050.641255
950.757065
955.897005
986.916777
887.624404
1156.36401
980.485318
1007.563931
1037.443027
0.563678
1015.024197
868.448769
1034.682739
940.140868
1038.916769
837.209041
865.067569
878.430917
995.000052
952.442082
913.538515
887.778075
993.991262
1083.894807
1084.325085
1046.226104
942.996408
1297.868177
930.012253
957.290333
1081.108788
898.114602
964.439102
949.001032
855.962056
951.502883
948.517284
1020.002237
957.147493
1025.223079
960.391133
915.795205
1033.075884
906.725229
1121.058597
883.987037
1018.895357
893.141038
1075.950208
1077.739938
995.065341
1012.220148
1006.827451
943.88089
1104.07585
860.950415
930.220108
974.762815
1110.430628
980.488775
1163.209885
1043.743169
1033.304363
1008.023656
879.83474
1083.272114
1202.501837
1016.907877
968.734674
955.797761
869.625572
1133.002076
995.380907
1057.754491
890.067015
1003.422426
938.354349
1121.464813
857.390465
905.448112
1025.585618
980.461564
1035.746508
1121.062274
1049.556806
855.151969
876.040951
1022.927508
1073.601699
940.377934
1024.051594
913.816425
1129.011979
1047.876644
1077.163951
1063.18947
1067.078877
1112.5663
997.589082
990.228172
1128.055834
930.935595
906.126079
1039.649059
1092.349475
976.48941
1066.3376
946.560267
921.477472
960.207364
876.816466
1179.663299
861.251621
948.380419
938.033398
949.667045
1022.735057
937.293968
1040.78601
926.837642
968.315233
855.946621
956.445036
1055.648
866.183139
1077.447386
988.429945
1008.518523
897.128668
1036.748277
983.763696
1004.201154
946.710448
1067.985786
1008.959593
940.06499
931.544701
870.026337
881.252931
944.074909
917.230963
881.492391
1124.756367
858.65829
994.244552
1054.763413
1096.718819
982.937688
965.862695
1031.324146
906.653773
961.122446
957.022867
922.602152
938.326084
939.156075
914.309409
987.264163
1127.049157
971.66841
935.52565
935.705126
1182.308996
964.581144
948.736872
1035.894452
922.16767
1049.449128
959.094669
1006.148579
872.235695
1135.345441
994.163273
958.275035
1042.009979
1068.535283
905.242342
941.698286
1084.967265
1182.239224
901.278942
1038.584857
1034.205861
888.944728
922.723878
870.886872
973.516311
910.545824
984.143085
939.074776
853.73995
941.820118
934.036611
985.705847
1037.316458
868.294562
1050.927922
1084.062891
903.998008
988.805734
1001.822807
825.891421
977.277666
1032.187954
1211.463918
998.161067
1051.022608
922.420894
1094.704302
1068.056982
906.591776
843.40097
1044.300274
1096.961286
1037.670638
1111.122237
871.605799
956.729218
978.974978
1091.045158
1018.633971
1008.138748
886.350208
904.043873
862.528703
1066.22824
1062.318084
1024.664668
1005.408231
1054.362386
1022.319112
881.117212
971.725307
1033.536957
963.589878
1139.281717
863.419402
921.724808
1016.455639
952.375849
1027.355268
994.027512
886.598233
963.310008
1109.415785
844.515671
941.508519
999.549052
986.959837
941.423648
991.220141
921.263101
909.27534
957.221257
969.457427
902.523399
912.754753
1100.784615
1154.23722
914.517847
966.157138
1122.497086
1123.32315
1071.558922
1012.688785
951.160558
866.93319
995.649566
894.537273
849.059307
916.561765
1076.605201
949.183277
863.065069
951.828402
1068.962342
1132.066688
935.788303
973.132685
866.80286
945.158417
933.664124
1105.826926
950.434321
891.877253
921.615068
986.594195
843.472469
1012.515623
1101.72356
1014.047934
1052.251064
1123.560551
897.402389
896.198423
954.2462
1045.475279
930.366142
1056.933952
843.611316
1142.213395
970.326893
1183.923133
986.356904
856.297072
1031.742912
896.926956
1005.89412
898.332338
889.561287
921.465252
1062.308204
1.436984
906.567937
1134.192597
1006.642689
977.710218
1065.411268
945.560292
977.953557
1133.51793
904.573361
974.432476
1144.017248
965.066974
837.56809
935.643856
1105.065304
1016.698358
868.220302
1050.559765
1083.587565
1008.929518
1029.324201
997.966724
931.599309
939.726095
1060.711695
919.24502
1094.119757
947.38328
961.309234
945.331884
907.631822
1001.97903
1112.622441
1039.784475
865.635984
1040.326806
908.246524
977.20307
1085.250852
982.332839
1050.113546
1006.471391
1017.73376
1062.06048
951.375734
933.879793
948.230827
879.076362
1006.918613
904.95466
870.37423
935.120117
1124.554605
933.877098
974.854136
1140.372362
864.002119
904.998053
882.286491
999.611259
948.96106
896.440498
1101.340623
875.632654
973.272221
1084.997146
901.904058
1036.230868
940.812998
1010.91559
905.680545
1061.319335
1061.655214
1142.85459
1005.919156
1081.34524
895.015646
1171.389045
923.798295
950.897033
964.641478
965.943009
1004.653975
1075.471603
1015.179
883.786279
973.149123
876.140924
1012.822742
866.795955
900.68746
880.091789
980.548012
881.627025
976.470387
1074.507298
1065.943629
895.692529
973.100441
863.645759
883.19733
1177.304658
1078.302678
956.774425
898.203538
1142.539772
1162.820072
955.019121
1093.451486
979.21571
1043.126076
898.409577
1045.982012
985.89587
1064.741604
1142.425341
855.949064
855.290674
978.715482
880.703269
931.785291
1039.443009
952.54898
1027.216114
853.686329
1231.907905
1017.83749
1091.698996
1021.930076
1043.016004
921.132545
930.48482
1126.070145
849.785398
1068.447151
966.926279
1007.959999
876.421536
970.379891
1032.303503
974.114047
1019.412059
978.50181
944.68995
1129.246951
951.083662
1002.333273
951.745218
941.495205
1003.698549
972.729125
1115.176796
978.551373
1157.037133
986.902807
1017.713097
1121.947743
984.943643
1126.167868
1028.505009
1093.175926
1013.509935
947.911206
961.799731
986.85059
945.044212
979.088282
941.946963
1012.903252
913.152197
1086.154352
1031.780426
1007.983808
1030.802056
896.871
896.669953
1010.958546
868.603823
847.404954
1041.490723
868.793267
941.079991
1042.483284
977.179464
862.538726
840.005142
893.967429
967.204638
878.495636
1079.532401
945.126316
1057.065638
1016.542206
955.675925
1019.660703
935.55259
878.263158
1053.406187
872.585536
1003.936803
956.208918
1139.237169
924.950756
986.243413
919.847266
911.893871
888.53838
914.324873
978.284078
1208.832114
1027.097213
919.354363
1037.190195
934.536252
920.800323
931.645197
1026.893374
1003.620785
1098.741493
1131.61267
869.345691
1005.831954
939.46696
1133.225597
895.005778
898.801744
1008.620144
1028.791117
963.875819
1048.368622
1047.603281
1029.542461
957.655953
900.398613
1051.003966
1174.255032
1005.286129
1079.33145
1178.295616
986.887044
1105.692228
994.588114
