180.365947
1.341851
4.070205
1.342033
1.1655
0.864507
0.708392
0.606936
0.385106
0.279976
0.618283
0.424315
0.199607
0.391008
0.543986
0.779701
0.69025
0.745044
0.812009
0.296422
0.471927
0.550784
0.514144
0.407268
0.192353
0.150163
5.525182
0.323252
0.521412
0.64609
0.178867
0.156166
0.684078
0.434108
0.293854
0.713427
0.421918
0.397512
0.259289
0.162621
0.181234
0.39119
0.260681
0.17169
0.43592
0.26029
0.272026
0.422126
0.47885
0.102877
0.185433
0.075379
0.446848
0.869661
0.096557
0.412439
0.118511
0.219503
0.272655
0.137639
0.198975
0.206633
0.389291
0.253269
0.133394
0.417445
0.142747
0.162214
0.321774
0.370535
0.316234
0.192716
0.090325
0.198621
0.327106
0.089779
0.176097
0.131356
0.181804
0.143305
0.209183
0.110599
0.213749
0.233842
0.347405
0.280794
0.261982
0.115009
0.361619
0.283625
0.056642
0.084957
0.110115
0.163081
0.261976
0.144824
0.542436
0.11602
0.123403
0.314884
0.130637
0.316233
0.148139
0.288632
0.18611
0.342209
0.180642
0.164833
0.109788
0.125667
0.130827
0.149913
0.20213
0.164937
0.098462
0.34648
0.161187
0.208665
0.188792
0.164579
0.212426
0.180706
0.366065
0.204404
0.281391
0.176565
0.399771
0.346443
0.181126
0.412349
0.233078
0.174121
0.286793
0.293027
0.185781
0.408596
0.185113
0.297113
0.04293
0.181063
0.24472
0.068847
0.409746
0.131216
0.373583
0.201953
0.209479
0.34892
0.330971
0.19285
0.181101
0.251912
0.235109
0.191107
0.300565
0.184932
0.251544
0.174564
0.207996
0.239511
0.113327
0.241201
0.411024
0.202376
0.311503
0.099422
0.254831
0.308255
0.201146
0.131214
0.27807
0.185856
0.125754
0.192517
0.118174
0.155314
0.216524
0.404375
0.229618
0.434906
0.242906
0.402412
0.054427
0.164226
0.093878
0.293475
0.329952
0.137898
0.1968
0.441448
0.224592
0.199359
0.230929
0.108921
0.317635
0.212249
0.091484
0.144191
0.165
0.118549
0.21307
0.277349
0.261743
0.173508
0.319959
0.256723
0.382372
0.159163
0.366809
0.236589
0.180437
0.249685
0.180238
0.105932
0.332403
0.303746
0.246187
0.214965
0.184191
0.227022
0.270565
0.210018
0.147883
0.149626
0.137008
0.257141
0.283051
0.11595
0.311606
0.159526
0.288727
0.113885
0.128273
0.249172
0.254718
0.202973
0.215548
0.25714
0.33765
0.391537
0.410586
0.370385
0.214475
0.229888
0.559848
0.293273
0.243086
0.27012
0.099039
0.164561
0.30006
0.324348
0.291262
0.186909
0.217606
0.430704
0.201408
0.131615
0.153354
0.358167
0.402481
0.260192
0.343193
0.136322
0.122103
0.46532
0.148655
0.110858
0.396016
0.115923
0.323044
0.333368
0.446692
0.399686
0.663499
0.346844
0.221206
0.387275
0.256546
0.14917
0.276726
0.27979
0.130219
0.212761
0.262486
0.129787
0.371721
0.495891
0.221166
0.335276
0.224556
0.101379
0.187454
0.21438
0.114003
0.168346
0.302398
0.070975
0.30879
0.273339
0.209946
0.458033
0.300801
0.294789
0.288761
0.210344
0.216496
0.09227
0.457224
0.201353
0.278415
0.203067
0.156967
0.328912
0.062625
0.096925
0.112639
0.241256
0.220776
0.167583
0.221787
0.110275
0.081608
0.286926
0.084119
0.204483
0.179396
0.226657
0.231623
0.35049
0.161003
0.11197
0.07149
0.238707
0.259863
0.159648
0.164472
0.142393
0.12967
0.179318
0.16333
0.267867
0.251721
0.141781
0.269541
0.19489
0.207102
0.128662
0.229029
0.265144
0.219047
0.229578
0.332107
0.244276
0.287556
0.254205
0.197544
0.458179
0.374634
0.492836
0.087926
0.236013
0.363055
0.342994
0.203358
0.277204
0.146387
0.272711
0.286829
0.245466
0.055581
0.303797
0.182875
0.498577
0.281055
0.083574
0.274181
0.456681
0.150997
0.129362
0.4329
0.579051
0.216512
0.378227
0.310318
0.17635
0.109163
0.055336
0.316757
0.15906
0.294784
0.315778
0.202423
0.249496
0.321819
0.097314
0.174021
0.176386
0.138873
0.191191
0.08057
0.281179
0.418148
0.075826
0.213034
0.13032
0.291699
0.319745
0.057558
0.164931
0.250118
0.507668
0.470291
0.300559
0.254067
0.194373
0.126513
0.064785
0.321858
0.061429
0.497505
0.155049
0.347998
0.120972
0.236188
0.213292
0.206485
0.427412
0.101793
0.194028
0.292445
0.450084
0.288306
0.122567
0.215295
0.248065
0.334476
0.348882
0.336741
0.183213
0.327002
0.208119
0.175696
0.246671
0.092609
0.161433
0.504541
0.261327
0.194306
0.287368
0.126805
0.149308
0.155897
0.148105
0.042243
0.43827
0.281947
0.28435
0.341302
0.232801
0.297951
0.130597
0.150049
0.280827
0.29463
0.125824
0.162045
0.162185
0.174469
0.159514
0.080474
0.219967
0.405545
0.15793
0.412855
0.281996
0.122801
0.283649
0.229748
0.133863
0.400643
0.079151
0.10313
0.296787
0.260304
0.074916
0.537615
0.258574
0.131315
0.407254
0.09225
0.10499
0.25108
0.078975
0.225359
0.614214
0.199969
0.199912
0.159223
0.193978
0.168448
0.285469
0.19015
0.303115
0.256648
0.102973
0.294259
0.131282
0.145829
0.277997
0.257833
0.134692
0.220013
0.319725
0.310487
0.159156
0.279985
0.303789
0.1202
0.420927
0.412141
0.138293
0.089964
0.067383
0.33273
0.1967
0.325752
0.269411
0.322978
0.274332
0.202734
0.267114
0.147673
0.329456
0.336077
0.07335
0.097622
0.170003
0.300512
0.24168
0.380756
0.101606
0.263591
0.329394
0.174108
0.296451
0.253896
0.151546
0.114517
0.155002
0.15622
0.199608
0.114439
0.148868
0.194369
0.360152
0.250835
0.302014
0.111803
0.273392
0.230423
0.232489
0.149932
0.057027
0.334515
0.160043
0.221114
0.100108
0.104422
0.115641
0.261144
0.404651
0.202622
0.317836
0.291012
0.111449
0.186206
0.322859
0.213285
0.204956
0.144679
0.293307
0.184785
0.105333
0.219039
0.250592
0.173509
0.227766
0.234056
0.060845
0.499705
0.121805
0.20334
0.109712
0.093108
0.280653
0.481345
0.261888
0.265629
0.15119
0.146282
0.229035
0.1248
0.197339
0.154735
0.14703
0.21889
0.152531
0.260671
0.047248
0.148456
0.241429
0.231101
0.333774
0.152378
0.340131
0.363017
0.173336
0.134497
0.288271
0.356443
0.428127
0.208991
0.064987
0.258183
0.097214
0.106758
0.164839
0.353996
0.273116
0.277031
0.151534
0.124322
0.208932
0.193057
0.197239
0.486487
0.221896
0.3132
0.284949
0.409036
0.263734
0.073329
0.22247
0.089258
0.406198
0.327295
0.30307
0.165395
0.181055
0.141539
0.071427
0.349803
0.222002
0.165032
0.207688
0.326452
0.134365
0.314395
0.209577
0.199752
0.203748
0.232561
0.155109
0.117215
0.19321
0.188959
0.227603
0.171831
0.310518
0.145913
0.105675
0.082087
0.14708
0.130833
0.181368
0.375258
0.168957
0.16873
0.248
0.303027
0.378482
0.407203
0.443875
0.159985
0.323826
0.17073
0.1345
0.198263
0.311519
0.060395
0.162983
0.154221
0.269305
0.353248
0.398937
0.203991
0.088681
0.11512
0.403575
0.125309
0.148399
0.225526
0.405607
0.144766
0.076769
0.143358
0.130002
0.170794
0.217083
0.366476
0.282121
0.241375
0.354758
0.349345
0.236183
0.157692
0.383112
0.36957
0.237349
0.237834
0.260298
0.147454
0.110075
0.321617
0.263801
0.298739
0.287731
0.196825
0.320593
0.136032
0.166444
0.212384
0.418899
0.274656
0.19828
0.159206
0.263335
0.143915
0.262296
0.14941
0.212644
0.102664
0.364746
0.216132
0.232897
0.334199
0.110531
0.172558
0.11647
0.162193
0.342676
0.266619
0.17235
0.177425
0.177214
0.312104
0.170882
0.353234
0.161794
0.163559
0.174338
0.161368
0.26693
0.258836
0.26572
0.294089
0.164455
0.259703
0.23149
0.367678
0.217972
0.26627
0.371184
0.336419
0.297141
0.098832
0.111855
0.057163
0.378336
0.202859
0.190041
0.268603
0.286249
0.281961
0.166278
0.173166
0.085153
0.148661
0.175977
0.097945
0.361729
0.600136
0.297623
0.180988
0.112247
0.410779
0.265852
0.291631
0.077904
0.333316
0.231218
0.080504
0.359975
0.212418
0.376032
0.086317
0.102901
0.140876
0.303268
0.146036
0.287705
0.238161
0.321374
0.615853
0.181159
0.30201
0.215711
0.168686
0.138484
0.250488
0.235696
0.213591
0.182445
0.041307
0.39365
0.113486
0.128681
0.131127
0.076535
0.3571
0.188771
0.179407
0.276678
0.230781
0.089977
0.298416
0.21426
0.153049
0.143961
0.128447
0.325657
0.373444
0.257957
0.08447
0.240286
0.17868
0.224
0.096313
0.236784
0.225569
0.314828
0.11505
0.328556
0.356269
0.343074
0.22358
0.16708
0.291798
0.26977
0.205134
0.045167
0.302204
0.199683
0.373938
0.062977
0.498911
0.218101
0.195783
0.074749
0.050514
0.107488
0.197865
0.234215
0.230625
0.435096
0.376308
0.170702
0.103623
0.201151
0.464671
0.257902
0.233757
0.309684
0.341807
0.223545
0.37226
0.171331
0.132212
0.459597
0.198239
0.295144
0.383082
0.139034
0.218309
0.271238
0.39266
0.072842
0.199122
0.159723
0.179139
0.179512
0.194488
0.142398
0.107778
0.072617
0.219929
0.158112
0.207484
0.262891
0.058767
0.422819
0.2615
0.239283
0.160818
0.354444
0.269999
0.10749
0.237056
0.372214
0.251601
0.194736
0.182583
0.125136
0.157415
0.36287
0.28027
0.14607
0.227243
0.068362
0.32557
0.267778
0.263106
0.399024
0.136289
0.474515
0.170877
0.09784
0.252306
0.377421
0.262535
0.106856
0.335498
0.106348
0.168672
0.176164
0.262727
0.087447
0.106703
0.297766
0.318112
0.120111
0.410671
0.303111
0.266111
0.214565
0.231451
0.15276
0.365748
0.332388
0.108601
0.372971
0.134131
0.094319
0.253234
0.072671
0.259165
0.24582
0.105036
0.110449
0.456725
0.194198
0.153609
0.33704
0.206038
0.164927
0.117361
0.152919
0.177075
0.116784
0.117665
0.378548
0.298448
0.154588
0.223192
0.11725
0.393021
0.183755
0.113633
0.324497
0.177509
0.303097
0.08503
0.205904
0.267983
0.327937
0.190594
0.153782
0.32829
0.09357
0.277391
0.397999
0.219792
0.100267
0.138604
0.072962
0.309257
0.286763
0.355675
0.091266
0.199734
0.131345
0.267901
0.217611
0.15866
0.239303
0.224896
0.273522
0.300741
0.274796
0.608018
0.109542
0.173541
0.204609
0.26213
0.16732
0.244734
0.469309
0.096346
0.120741
0.353151
0.164333
0.152047
0.208172
0.181108
0.254325
0.176562
0.217282
0.178058
0.134831
0.317868
0.049666
0.358693
0.27194
0.162928
0.143959
0.275691
0.403625
0.196934
0.293488
0.245857
0.357671
0.199397
0.229009
0.238299
0.181547
0.167736
0.319363
0.1658
0.291521
0.285371
0.28362
0.402448
0.146829
0.215018
0.293308
0.296888
0.330869
0.191124
0.320035
0.090619
0.178421
0.0867
0.09693
0.214631
0.221587
0.165186
0.270214
0.238978
0.518773
0.329704
0.222474
0.137394
0.163471
0.108901
0.250812
0.1417
0.255411
0.078276
0.288457
0.331058
0.427228
0.451478
0.194351
0.175448
0.342452
0.300374
0.133171
0.225482
0.408904
0.398602
0.180957
0.337778
0.229151
0.150734
0.365396
0.162498
0.244438
0.339105
0.15864
0.313457
0.365134
0.124328
0.232575
0.171917
0.390055
0.244548
0.058273
0.154101
0.177357
0.326907
0.197836
0.1514
0.302078
0.353849
0.045664
0.083101
0.309719
0.123225
0.167779
0.14724
0.090603
0.141529
0.171231
0.449119
0.26179
0.174902
0.071734
0.375031
0.246048
0.143249
0.328307
0.281273
0.409911
0.083049
0.30187
0.130724
0.250655
0.199461
0.166632
0.11964
0.165188
0.34528
0.228165
0.184283
0.132667
0.060482
0.261234
0.217633
0.134253
0.153976
0.083691
0.255533
0.235892
0.221896
0.361172
0.076445
0.147635
0.296858
0.171786
0.191107
0.393904
0.138862
0.153552
0.157487
0.175809
0.352858
0.108989
0.258234
0.365225
0.160061
0.321068
0.354061
0.133804
0.273537
0.099768
0.113501
0.263039
0.233999
0.231439
0.12606
0.23386
0.442348
0.312173
0.190611
0.125701
0.084583
0.383186
0.26514
0.281119
0.426844
0.340807
0.35329
0.157002
0.215509
0.199703
0.313528
0.259041
0.334237
0.185502
0.231877
0.314742
0.194647
0.219755
0.095345
0.342733
0.102761
0.279167
0.06318
0.305244
0.26746
0.235582
0.2515
0.393772
0.09958
0.17102
0.249962
0.204359
0.247896
0.299589
0.3696
0.13604
0.218417
0.17446
0.238594
0.29388
0.141086
0.339473
0.296066
0.134539
0.232894
0.133987
0.098334
0.244816
0.205408
0.265842
0.115256
0.286828
0.193065
0.371956
0.168532
0.131423
0.59139
0.185783
0.240898
0.351917
0.277867
0.452349
0.247476
0.127047
0.187733
0.302202
0.047449
0.589375
0.495245
0.231789
0.247731
0.179567
0.059111
0.216932
0.199779
0.158784
0.29822
0.221375
0.228239
0.246349
0.054234
0.139438
0.238098
0.350505
0.268186
0.141527
0.209933
0.209231
0.050419
0.229915
0.341647
0.20231
0.125558
0.334649
0.322577
0.196812
0.332043
0.229567
0.195685
0.156248
0.22825
0.184524
0.193408
0.718826
0.179201
0.126745
0.258452
0.281007
0.195798
0.329158
0.218882
0.376428
0.265853
0.208426
0.414268
0.250035
0.092912
0.244082
0.279822
0.070654
0.230512
0.318235
0.159733
0.113134
0.257547
0.437244
0.123216
0.184608
0.187875
0.306645
0.273835
0.098968
0.29619
0.39166
0.248901
0.049436
0.205903
0.291226
0.329708
0.182474
0.281196
0.21122
0.176819
0.123344
0.121272
0.250777
0.251
0.252823
0.229087
0.225521
0.248587
0.253283
0.182655
0.157342
0.19339
0.363112
0.246923
0.413014
0.092269
0.174495
0.156301
0.125313
0.194757
0.049661
0.271743
0.081544
0.054394
0.249714
0.418012
0.131785
0.278372
0.385857
0.143056
0.278536
0.377649
0.370297
0.450867
0.178519
0.473026
0.173986
0.168369
0.170073
0.145962
0.209801
0.121706
0.11953
0.165658
0.239201
0.128801
0.23648
0.432111
0.133672
0.315698
0.370638
0.345338
0.265757
0.189672
0.276598
0.202041
0.210334
0.400868
0.145278
0.286088
0.305816
0.110361
0.18631
0.177491
0.321423
0.321542
0.190984
0.179806
0.17007
0.411757
0.325349
0.285449
0.104106
0.231315
0.090784
0.155081
0.184312
0.072684
0.176439
0.141063
0.233387
0.169262
0.108186
0.180671
0.305647
0.352438
0.398303
0.182052
0.243061
0.236177
0.180076
0.122493
0.207078
0.366614
0.153493
0.149374
0.434242
0.136165
0.224352
0.243193
0.297347
0.216861
0.311382
0.238599
0.18062
0.208174
0.34456
0.203682
0.282393
0.326659
0.454369
0.225084
0.274413
0.22017
0.260969
0.177396
0.389849
0.259764
0.226053
0.159016
0.281147
0.132651
0.235982
0.367672
0.304925
0.229629
0.245243
0.100259
0.120455
0.09944
0.290319
0.475675
0.241195
0.264267
0.274903
0.195974
0.269689
0.266377
0.236348
0.148543
0.401595
0.166758
0.226773
0.23713
0.056425
0.212513
0.176159
0.150595
0.200323
0.145573
0.126635
0.315339
0.110669
0.179733
0.246049
0.262361
0.179305
0.145599
0.08197
0.253654
0.202815
0.123896
0.257342
0.121563
0.139883
0.217213
0.034388
0.28166
0.234145
0.235342
0.138814
0.27857
0.183194
0.600648
0.093366
0.246116
0.178058
0.279208
0.222101
0.345192
0.139386
0.313921
0.293359
0.143274
0.102219
0.180095
0.498543
0.163615
0.148434
0.114814
0.1333
0.291226
0.166361
0.03775
0.203174
0.235083
0.257124
0.140305
0.264476
0.288281
0.171535
0.156347
0.141957
0.181083
0.231915
0.056893
0.092035
0.270762
0.16331
0.27801
0.179818
0.107392
0.263236
0.251983
0.180797
0.508007
0.153164
0.072944
0.317374
0.082836
0.251469
0.284933
0.102715
0.370581
0.225355
0.333371
0.161209
0.159911
0.316825
0.414243
0.189589
0.167434
0.268423
0.359119
0.1795
0.167951
0.174302
0.255363
0.216981
0.287147
0.164966
0.072127
0.451062
0.135354
0.161005
0.509554
0.340861
0.393386
0.231662
0.277745
0.303073
0.17644
0.175942
0.272481
0.358767
0.466741
0.28658
0.220513
0.185956
0.088441
0.22747
0.239845
0.105549
0.233838
0.124168
0.253068
0.219824
0.249579
0.245386
0.197605
0.146455
0.138063
0.177556
0.223688
0.224811
0.223807
0.243939
0.236045
0.248362
0.310349
0.148076
0.135821
0.154435
0.329467
0.29929
0.055757
0.230207
0.38182
0.240207
0.304575
0.215517
0.283016
0.139823
0.16328
0.305508
0.189758
0.326158
0.247291
0.165558
0.161086
0.095244
0.259642
0.097091
0.309793
0.169567
0.206821
0.184482
0.263988
0.175676
0.040244
0.151396
0.12933
0.186949
0.194785
0.196626
0.311294
0.111339
0.196613
0.181601
0.112327
0.17456
0.189437
0.04089
0.160664
0.201703
