17.681798
4.397659
7.805521
4.825237
2.187103
7.382825
7.169107
0.971546
1.410042
1.367129
1.354485
3.97051
3.448693
1.806974
1.178228
2.408305
1.619343
8.733207
2.532595
2.463249
2.760624
3.015379
3.605572
3.593516
4.128022
2.969078
5.178022
3.553876
3.496228
3.310942
8.875197
2.876797
3.520845
2.981943
3.096296
4.578435
2.612854
2.1134
4.149165
6.92895
3.058783
2.426582
1.908993
2.219615
4.708544
2.633539
4.469753
0.94507
6.413584
3.015478
7.818471
5.257274
6.276967
3.414499
3.506927
1.830905
1.905939
3.025234
2.693704
2.670361
2.144037
5.048603
3.674575
2.305497
3.160964
4.26377
3.800313
3.540692
3.332696
2.986566
1.996701
2.99166
3.086771
5.419497
4.192908
4.613108
2.607356
4.248038
3.068272
1.79774
3.532977
4.475023
1.251266
1.733472
2.510522
3.601919
3.233
4.547107
5.040025
3.51767
1.680912
3.608879
5.043443
1.552952
3.163367
3.555378
4.898656
4.151636
5.085221
2.455725
2.255026
2.227684
1.2036
2.368802
2.612697
6.814139
4.715228
6.408282
1.602055
4.453765
3.905996
2.773842
1.680068
6.671622
3.143673
3.923427
1.714134
1.314852
0.873647
5.478685
2.653781
4.424042
5.769954
2.963654
7.745943
6.23419
1.572056
2.908562
8.124823
2.4587
3.599593
5.939123
3.187908
3.281799
2.094371
1.931168
3.895961
3.147476
2.67001
2.461699
5.230891
3.855042
4.182211
4.49874
1.150634
1.843556
4.950944
1.764007
4.628848
3.182453
1.638744
2.706361
8.115872
9.00837
3.83969
2.700411
4.019642
1.311712
4.701374
2.778585
4.221343
3.755648
2.432796
2.057872
5.017104
4.225099
1.273116
3.481612
4.391008
2.517632
3.535088
3.681848
4.811168
1.230154
10.321986
2.518315
1.842335
3.205244
2.567477
2.24085
3.279109
1.799727
6.803795
3.921901
3.889353
3.964396
4.977066
2.07166
4.074931
3.89189
1.572141
3.445214
6.832641
2.83083
1.804781
11.114782
0.92218
7.176547
2.168331
3.319582
2.779294
1.699614
4.324733
5.135346
8.494381
2.474311
2.822793
3.974154
5.081453
3.662885
5.56104
1.697846
1.999278
2.562009
1.170112
4.031782
5.47888
13.924613
1.408593
1.474359
4.370826
4.262268
4.404694
1.877218
2.783574
3.244448
4.854409
2.595865
5.376787
2.124819
5.228127
1.064646
6.848469
3.672785
3.198419
4.669702
3.51471
2.473598
4.667883
3.955928
4.915348
1.3177
2.932522
1.874723
3.108293
1.086498
2.466438
1.115888
2.30775
2.761481
4.340487
3.377389
3.053761
2.079319
3.172188
4.635277
7.139352
2.798126
4.046212
2.135412
1.460723
1.857162
1.824347
4.254607
1.211777
4.995589
0.882652
6.264705
3.079513
2.525883
4.047762
4.954416
3.298565
3.395939
5.219156
5.464073
3.589518
5.072999
4.903706
3.075958
6.704664
2.764058
6.017294
1.115555
6.682794
2.422808
2.338899
3.879681
6.402217
2.63141
1.821996
2.050941
1.248846
9.678803
2.771342
4.522845
3.394606
3.380949
2.383718
4.356782
1.914516
2.311452
2.836857
1.916669
2.634404
4.174553
2.32981
1.686161
2.372047
4.141249
4.661269
1.751703
4.746063
5.956212
1.264504
1.276259
8.754409
6.167296
3.856937
3.038526
6.848868
3.205196
2.523768
0.982801
2.966983
2.079749
3.971325
2.29687
6.109994
2.618416
4.427099
4.09889
5.1048
4.351609
4.068704
3.8798
3.11095
1.695209
4.740329
0.928071
7.838251
5.107912
2.190824
2.110237
7.793866
2.30237
3.010944
1.538475
1.064502
4.885298
4.354518
2.994457
1.215341
3.385482
11.448349
2.725031
3.535553
2.303879
4.509767
2.149168
5.572147
3.288012
1.867809
1.717701
3.193933
1.819077
3.502037
1.233001
2.125014
11.095305
6.874898
10.634806
1.669151
3.929223
4.345251
1.588803
3.870126
1.863945
2.556445
3.534728
3.311902
5.189195
4.414955
2.06727
1.896459
1.776996
2.069948
1.759863
1.337101
2.762872
3.336003
2.970778
3.273908
2.110074
2.242939
1.806467
1.854123
1.208949
3.665958
1.928644
3.619174
2.056772
3.500742
6.607099
2.954095
3.963435
2.547295
3.936572
2.535289
2.467773
6.137137
5.93081
2.019159
2.935571
6.48678
2.119304
3.075753
1.331276
3.554477
4.916576
1.609968
1.38307
3.153351
3.313402
5.825057
6.066608
5.501191
6.062104
2.026731
1.488022
2.013076
1.964359
4.613881
1.570758
2.913674
2.37563
3.381015
4.534944
2.045547
4.065534
2.065365
4.494482
3.630713
6.538877
2.349073
2.672464
4.058797
3.293132
3.355642
5.366677
3.143833
2.022848
3.521421
2.574255
2.07343
3.952791
1.709451
2.097563
2.328818
2.920916
3.451478
2.480296
1.383653
3.473786
1.334646
1.902066
4.471109
3.608287
2.933916
2.957232
1.00544
6.540647
2.911639
0.939921
3.672638
6.57953
2.520203
2.740104
2.148281
1.85304
2.168782
1.6883
2.125309
3.42918
5.888316
7.219414
2.670387
2.660342
2.855254
6.363552
7.216227
2.044419
3.129979
5.473017
11.096082
1.629745
2.325074
3.897695
2.970703
1.802988
5.275235
2.364472
7.564432
1.061232
2.722641
5.312099
7.585667
7.170292
2.610783
2.467505
1.26122
3.560417
3.237349
2.102319
2.33886
6.592347
3.491104
2.768622
3.261895
2.039412
5.9203
4.717551
3.360641
2.425165
5.650519
2.760561
3.652564
3.326837
5.574763
4.398598
1.25227
5.014632
1.16287
3.039987
6.036111
3.036469
2.662288
4.011346
1.365492
3.591402
4.820932
3.174722
9.187355
4.911593
1.999184
4.338038
3.986469
2.869144
4.414731
3.257682
1.779651
5.196739
5.751238
3.907958
9.082026
7.452411
6.375508
2.747342
5.61067
1.66923
4.323207
1.428447
2.326449
1.60146
2.191246
2.470723
3.427362
5.427383
7.677886
1.947719
3.953829
2.888218
1.641594
2.15102
5.281873
2.040759
2.759967
2.446672
1.294989
2.066214
1.988341
5.142434
2.228276
1.858584
3.05995
5.493053
2.873369
3.453479
3.663031
3.375708
3.910197
1.811103
2.303457
1.29585
1.093179
5.019583
2.511387
6.475657
4.371856
1.748575
4.871309
7.176843
3.801567
1.363447
2.052333
1.492265
2.716885
2.19786
3.52757
1.633382
1.69847
7.380793
4.088478
5.582997
3.777604
4.734071
7.036748
3.830872
3.43142
2.885118
2.649181
3.675121
2.025399
2.247807
1.66236
3.089815
5.866888
5.700425
2.309644
8.369907
6.977906
5.264892
2.049406
2.581044
2.354926
1.870441
3.866502
1.724191
3.627303
1.464085
3.80087
1.021809
2.871722
5.054281
3.300581
7.128884
2.312664
3.701704
2.386276
3.18041
5.736581
3.346229
5.398032
1.494198
2.650151
2.731159
7.697276
1.788198
3.997146
4.071312
5.913891
1.690921
6.290701
2.754585
2.129439
2.560373
1.204937
5.892136
3.471145
2.170215
5.04899
2.660732
2.113334
2.456455
3.010997
1.891099
3.07955
3.282951
1.964434
6.755505
2.879952
3.016952
1.195411
3.006193
3.935308
3.316981
3.169023
3.044157
7.260386
4.552489
4.29295
1.944572
4.100292
5.983138
1.735991
5.253864
2.777141
2.940549
6.053416
1.32508
6.904337
6.173956
6.816337
1.634969
4.214438
3.737245
6.492283
4.667774
1.331862
5.050769
9.379687
3.237373
3.186174
3.983094
1.242731
6.49261
6.372892
5.446994
2.534604
1.561576
3.693296
2.596955
1.72547
3.012942
2.44001
2.316345
2.267327
1.17428
1.622093
1.319998
1.917826
2.347992
1.251049
2.29143
2.681593
3.811194
3.134641
3.702013
6.354189
4.288911
5.674827
2.746605
5.539593
2.661863
2.512772
4.469657
1.603722
2.124645
2.106853
4.818596
4.030498
2.55864
2.208954
2.25724
1.781215
5.224518
5.81327
2.389485
3.289094
3.206244
2.589544
2.833724
4.315078
5.143812
6.469991
3.570701
2.172854
6.519191
2.223682
2.848699
4.26092
2.231762
2.065291
4.932212
4.510476
5.609734
1.775844
2.346083
5.020629
3.496817
1.409967
4.815824
2.001882
2.702441
2.593139
2.770978
4.296259
4.061612
3.523068
3.276078
4.725563
4.022897
4.696237
3.865054
0.875088
3.882493
5.231681
1.532447
2.686219
6.249692
2.413726
3.459532
2.121792
3.380365
8.506227
1.372961
5.688854
3.52972
2.167187
2.093993
4.59072
2.663573
3.132124
1.347249
2.011216
2.955847
3.279342
1.21482
2.211648
2.403337
0.910505
5.693996
3.907753
2.218669
1.349252
3.073851
3.077764
2.21966
2.165276
2.237859
4.364971
3.866496
1.595288
4.249442
9.654858
7.092307
4.733124
4.417029
1.438975
1.735764
2.614946
5.864596
2.738069
5.062993
4.272717
4.421832
1.924496
1.168098
2.951967
1.918614
2.421929
2.320425
2.010017
6.178809
3.189953
2.63917
5.285789
8.150205
3.455488
8.017196
2.959703
0.73361
6.444818
5.043706
6.229461
2.51461
4.784139
3.951888
8.230762
1.604337
2.778088
2.481967
6.083373
2.260157
3.304931
2.077565
8.887696
2.495437
3.152959
3.865985
2.568665
2.879778
8.298398
2.947213
2.895258
1.710611
6.025733
5.067118
2.328628
2.207515
2.023332
3.918849
4.579291
3.777153
5.030083
3.539193
10.599861
3.66564
2.92229
5.88174
3.186981
4.116566
6.326806
2.157289
2.485815
7.34168
1.516554
2.73639
2.17639
5.547621
2.206205
1.886116
1.605409
3.441398
3.780541
4.876499
3.33005
3.22519
2.838705
2.417943
1.60389
2.032859
3.527337
6.445856
5.978611
5.905112
2.923906
6.163282
6.868975
2.299479
4.57373
3.220889
2.790402
2.863954
5.329482
3.407879
3.941676
1.69628
2.684095
2.354909
1.581861
1.239022
1.302327
1.656156
1.078858
4.889454
5.588942
5.681887
5.744595
5.106575
1.336425
2.657747
2.574281
7.160592
4.059096
4.50602
1.939966
0.750988
2.214964
2.502126
2.602531
3.043645
2.310857
3.971338
2.510838
1.875184
5.454084
5.763297
3.273941
2.673168
3.052879
2.126997
4.676604
1.688187
3.442112
7.403558
2.916735
3.245826
2.063261
8.601802
6.749937
2.560827
6.543256
3.341111
3.392561
5.463079
3.609777
2.663594
1.130687
4.70329
4.453758
7.196447
4.642505
4.214175
2.186079
3.487769
2.908634
5.286143
5.651618
8.132619
3.191286
2.074429
4.953415
1.180024
1.061172
1.022225
3.16512
1.752141
4.119144
3.524332
6.805594
2.215458
2.195002
2.868479
3.596221
5.066639
1.692685
1.625457
4.366953
6.871254
3.885943
2.30622
2.815782
2.16667
1.635078
2.442012
0.953526
8.306778
1.748079
4.741759
5.106889
1.771985
3.942357
1.4005
1.881718
3.754649
1.785521
2.439769
0.962579
1.913823
2.863438
3.21459
3.978895
3.058575
4.135527
4.474959
4.159733
3.121528
2.536371
3.10479
1.43202
1.911088
4.810882
15.121882
5.311004
4.327764
2.125454
1.050367
1.689513
4.024182
2.067408
4.295869
2.737062
9.430903
2.175782
10.759556
1.573586
2.653974
3.077914
3.820665
2.268433
2.356151
0.925888
2.639865
2.964167
2.100001
0.855858
1.506368
4.311138
6.301738
3.237883
2.933707
7.822605
1.066559
6.859432
6.179872
3.578647
2.596962
4.03373
1.229204
2.630431
2.165904
1.79392
2.37443
4.460931
4.281602
1.85319
2.897979
8.253902
2.551889
2.380565
7.273039
6.08887
8.530691
4.009241
4.641433
1.636771
3.798863
5.998308
2.008597
2.034157
1.228575
5.043745
8.142462
3.049256
3.180715
3.268914
3.211791
4.257342
3.691587
2.379914
2.545921
5.148755
2.945862
2.011735
6.129742
4.086625
4.111412
2.252534
2.852704
3.741925
2.850945
2.12898
4.285113
2.987909
3.495046
0.908299
6.374329
2.031944
2.544336
1.41616
2.762481
2.336587
3.32738
3.078277
3.355428
3.929428
7.722903
3.460949
6.074902
3.656717
3.024979
1.578469
3.474233
3.273202
7.7586
5.020915
5.572976
3.374535
6.048846
3.210728
1.84989
4.732085
9.554277
6.896792
1.418559
2.466691
2.058437
3.313493
1.299904
2.097209
1.293016
2.991918
4.601391
2.469343
6.08534
4.719419
1.258653
3.417618
1.541801
2.242366
3.237025
2.704203
2.376182
2.019448
4.014744
1.13245
2.604636
2.011293
2.536375
1.853245
3.870841
6.704666
3.285154
2.367733
2.38887
1.69242
3.203055
8.525462
2.993903
5.486364
1.43899
4.697611
2.206638
3.095015
4.789755
2.678226
0.918254
1.739813
1.611869
1.365566
6.413437
2.543469
3.366442
3.485498
5.779913
6.313262
5.442871
1.504354
2.696504
3.494979
7.466519
3.767844
1.17979
2.274253
1.70529
3.586361
3.856942
1.55337
4.389275
3.9819
1.79061
3.922272
3.179787
5.641804
1.911355
1.786646
2.599304
1.338198
2.440618
4.381933
1.031142
4.638977
3.612279
4.007244
1.197236
4.339807
1.438599
1.532785
6.87409
2.782334
1.787404
2.544358
1.993203
1.927989
5.176654
1.512284
3.452739
3.680374
6.458839
6.86505
3.681427
3.629312
2.773402
2.080511
1.532949
3.039028
5.652201
1.804907
2.373996
6.785504
4.886304
2.022138
4.554823
4.172919
2.465283
2.256514
5.731792
4.065061
6.794276
2.853475
4.909508
4.358102
3.986339
1.824941
2.166824
1.732119
3.936418
6.764735
0.823835
4.317761
4.631083
1.837073
4.662782
2.465608
2.485874
1.27337
6.45893
3.341973
2.664875
1.593635
1.763618
2.16909
1.224477
2.858063
3.236443
4.358614
3.079966
2.464231
2.866324
1.648348
6.013545
1.281691
4.675618
1.645195
2.372029
4.010917
2.686537
3.80884
3.208075
1.431323
3.526185
1.28729
5.472764
2.617284
2.556192
3.924046
2.75424
3.851597
4.410342
3.746529
4.693894
2.573412
2.137809
4.824342
1.525254
1.982831
4.91894
0.950037
2.842683
5.139712
1.784928
1.876748
3.327634
6.79037
1.815568
1.861601
4.32643
4.867441
5.469209
5.483431
1.01546
4.378074
1.068954
1.479495
2.224628
3.508976
3.590847
4.143977
2.636839
4.244379
3.761724
2.915703
6.389207
2.106534
4.703484
5.199946
0.793221
2.657337
3.142979
2.402005
4.653735
3.439913
4.170605
10.699384
3.875607
2.092938
2.323954
3.32622
8.168291
3.953717
5.652555
1.580102
2.859136
2.548823
2.878739
7.598809
3.05405
6.803234
3.244243
4.455545
4.921653
1.741994
3.9964
2.418903
1.117331
5.273532
4.489403
2.232607
1.813474
5.295166
6.073318
2.667868
3.086694
3.617613
0.977762
5.271464
4.287566
2.203763
1.82834
5.450877
3.445866
2.275642
2.054839
2.723207
2.51038
2.330687
2.779943
2.388277
1.833619
4.199897
3.447426
2.80761
2.901367
3.500869
2.016642
2.52915
9.706854
3.328864
1.937674
2.763966
4.256446
2.837477
2.294162
7.633533
4.19638
1.70492
3.938026
1.925119
3.410784
3.214652
6.187302
2.892252
2.41362
2.663345
4.629173
4.953751
1.279998
1.71433
6.536162
2.594118
0.971711
1.743449
4.264919
2.069616
3.649809
2.160816
16.087751
3.902038
4.623615
1.642636
3.585243
3.478194
2.731038
1.260933
2.521205
4.732238
1.959121
1.962561
4.390397
4.68458
2.292153
2.482703
5.700592
1.752654
6.731491
3.586135
4.000441
2.07622
3.383726
3.06139
4.676708
1.483373
2.510449
5.55583
6.003042
2.434452
3.588596
2.095993
2.643181
2.574739
2.507146
4.23504
2.437768
3.432161
2.66802
4.736574
1.981876
2.589666
3.455031
3.425548
6.198639
1.878962
7.92394
5.899687
1.551242
1.959917
2.823714
4.981879
4.631617
1.333874
3.96935
2.35562
3.152881
3.55002
2.494974
2.747467
2.601211
0.791923
2.366693
4.234849
2.021864
2.637131
7.550541
1.836892
2.428948
3.627958
10.347808
2.541078
11.488853
3.030999
4.453632
8.60821
0.963161
1.396765
1.541811
7.047567
1.599076
2.888756
4.35875
2.153199
2.18862
2.693987
1.501632
2.440516
4.188846
1.785982
12.156005
7.014943
2.328245
4.124198
2.498583
2.157979
2.717899
5.639067
5.151332
5.385737
3.025503
1.876944
7.16953
3.799859
3.294809
2.665885
3.085115
1.575611
1.041842
1.399266
1.843626
4.690031
2.273803
1.741238
2.843891
5.01115
1.415622
2.68824
3.603187
1.778877
4.675786
7.932834
9.015596
2.869221
4.296793
2.452079
4.480855
4.369624
3.341727
2.606445
6.892007
8.50021
1.423112
4.813161
5.270531
3.085205
1.867318
1.413857
1.883253
1.976697
5.507817
3.801711
2.39126
2.959742
1.217218
4.829631
3.808398
1.802181
2.690637
2.124717
4.444931
1.553118
7.32695
7.209578
2.777845
2.957912
1.987007
2.05236
8.447721
3.748409
2.951192
1.306074
2.769644
2.13778
5.944268
1.070811
1.966804
1.346774
4.82672
4.169794
4.555359
4.313764
2.538335
4.113602
4.853458
6.16623
5.816659
4.125852
2.443961
2.932292
2.06365
2.578682
4.472617
7.191531
3.056133
2.756904
1.871567
2.484283
1.970924
2.912058
2.172385
5.38327
1.22388
1.690555
3.743909
2.89215
9.467315
3.499281
1.37619
2.595872
1.985613
3.899706
3.741873
5.096776
2.307227
1.282812
3.131949
