88.056546
1.374579
0.426798
0.130446
0.338772
0.377907
0.107759
0.201275
0.16496
0.090656
0.223205
0.29942
0.147874
0.703704
0.220116
0.135708
0.229173
0.147461
0.235123
0.066588
0.198374
0.226661
0.053806
0.048931
0.054953
3.344645
5.939303
0.065372
0.103591
0.097779
0.125868
0.067831
0.04931
0.035631
0.038524
0.043573
0.130039
0.073074
0.061959
0.083632
0.074781
0.087298
0.077074
0.053408
0.016648
0.160143
0.024308
0.092083
0.042925
0.05999
0.050977
0.032829
0.065171
0.048333
0.036686
0.048916
0.023489
0.030536
0.032064
0.04228
0.040777
0.060872
0.027808
0.052379
0.011552
0.018605
0.020905
0.019232
0.029604
0.026158
0.03609
0.043406
0.017354
0.023114
0.027577
0.014014
0.024656
0.015289
0.021558
0.026919
0.017616
0.031024
0.031772
0.084762
0.095323
0.058783
0.034228
0.01618
0.017749
0.026286
0.030266
0.023196
0.022268
0.017402
0.022447
0.025421
0.016837
0.031237
0.017129
0.02471
0.022346
0.017758
0.050078
0.015206
0.028801
0.025099
0.027835
0.021133
0.017079
0.012841
0.013129
0.035221
0.023723
0.023048
0.036166
0.016854
0.016494
0.021946
0.033966
0.032763
0.028099
0.015249
0.019611
0.02068
0.018816
0.020928
0.014898
0.034242
0.01472
0.022373
0.040911
0.034937
0.033395
0.043334
0.033397
0.029412
0.029381
0.014121
0.01944
0.018736
0.011221
0.018472
0.008796
0.020201
0.019857
0.027762
0.025935
0.009881
0.013797
0.026395
0.018149
0.018823
0.023638
0.017965
0.01871
0.022127
0.017066
0.024857
0.02313
0.019724
0.024471
0.010518
0.014692
0.023331
0.036083
0.026229
0.014086
0.031265
0.020228
0.021973
0.019015
0.024615
0.019381
0.024404
0.02351
0.030547
0.025113
0.028169
0.028779
0.019674
0.028063
0.033747
0.015797
0.017447
0.017516
0.024386
0.035019
0.018401
0.02781
0.01893
0.008677
0.028064
0.024727
0.019453
0.016874
0.013119
0.013669
0.016968
0.019693
0.015819
0.019598
0.011217
0.021954
0.021535
0.034023
0.009333
0.022843
0.020751
0.02188
0.021544
0.024342
0.017183
0.009097
0.015889
0.009511
0.019898
0.02383
0.018992
0.011565
0.022952
0.015967
0.015814
0.025886
0.018959
0.013611
0.016131
0.026056
0.014136
0.019866
0.047393
0.019315
0.027073
0.028209
0.028718
0.023034
0.018442
0.01604
0.023163
0.02498
0.011317
0.027703
0.017939
0.018306
0.018744
0.042107
0.029908
0.018291
0.017738
0.019538
0.025867
0.023305
0.022413
0.026662
0.026357
0.03252
0.018193
0.039334
0.040601
0.026481
0.021296
0.021338
0.015815
0.01217
0.027459
0.025869
0.028845
0.029728
0.032746
0.038974
0.017281
0.021576
0.017056
0.008748
0.026785
0.013332
0.018311
0.017712
0.022209
0.020642
0.027776
0.029101
0.020753
0.023837
0.021777
0.007389
0.021494
0.013171
0.016866
0.02843
0.019792
0.015212
0.023098
0.015588
0.023069
0.022897
0.01138
0.016504
0.020481
0.022197
0.022833
0.007375
0.019822
0.023342
0.016569
0.024801
0.015649
0.019009
0.027039
0.0173
0.018593
0.017691
0.015678
0.020999
0.034699
0.02369
0.01273
0.023372
0.04355
0.027046
0.039651
0.02228
0.025875
0.022177
0.031161
0.02067
0.03165
0.015591
0.02367
0.023541
0.021718
0.017125
0.019591
0.009353
0.022506
0.022654
0.02575
0.024252
0.018515
0.020953
0.018099
0.021228
0.014111
0.017998
0.014393
0.015937
0.015422
0.017241
0.020756
0.02245
0.01747
0.016775
0.022439
0.025011
0.015692
0.020732
0.027107
0.028704
0.014523
0.014151
0.014312
0.029075
0.014086
0.025609
0.019108
0.012096
0.014717
0.026314
0.026903
0.018716
0.038193
0.031806
0.018883
0.023496
0.024518
0.0294
0.021379
0.010447
0.020103
0.024406
0.025498
0.024587
0.016352
0.013761
0.0246
0.024898
0.019072
0.009491
0.036067
0.011904
0.016333
0.012207
0.022282
0.026298
0.0169
0.025349
0.015254
0.019998
0.017834
0.010844
0.029466
0.016951
0.018462
0.01845
0.017406
0.010147
0.015989
0.018209
0.029325
0.021796
0.011637
0.017049
0.030981
0.023027
0.023153
0.015453
0.027161
0.027676
0.01745
0.023874
0.016571
0.020638
0.016572
0.023654
0.027957
0.015124
0.023495
0.028476
0.022426
0.015267
0.015562
0.023198
0.029032
0.016821
0.017003
0.024187
0.020058
0.022066
0.023933
0.020054
0.017613
0.01828
0.014297
0.027323
0.022519
0.014185
0.014762
0.023083
0.017261
0.011789
0.016698
0.020373
0.028537
0.005361
0.015617
0.0229
0.018982
0.0187
0.018483
0.015632
0.022664
0.016433
0.016174
0.011378
0.022372
0.015359
0.007095
0.016488
0.014338
0.027641
0.017055
0.011436
0.017861
0.013529
0.014321
0.014702
0.014357
0.015712
0.013034
0.012386
0.015171
0.018883
0.022533
0.017048
0.023869
0.019116
0.156368
0.014246
0.025037
0.021258
0.021881
0.026525
0.016202
0.022516
0.018422
0.010466
0.035115
0.018174
0.014723
0.018299
0.020167
0.021561
0.008918
0.023889
0.014981
0.008473
0.008349
0.034132
0.015745
0.024994
0.0228
0.022083
0.047792
0.016534
0.020683
0.019824
0.010843
0.018269
0.020515
0.025475
0.019518
0.023788
0.025058
0.013567
0.016323
0.025871
0.027803
0.02002
0.013071
0.023088
0.010686
0.020469
0.01274
0.023243
0.012912
0.018723
0.02226
0.021132
0.019192
0.02332
0.01777
0.01716
0.017542
0.018453
0.021719
0.025711
0.020251
0.014499
0.020469
0.013543
0.022441
0.024697
0.019211
0.024877
0.01449
0.022187
0.007996
0.020165
0.030155
0.059526
0.034314
0.025953
0.020915
0.025315
0.023224
0.019325
0.021291
0.039371
0.017735
0.030341
0.01514
0.023456
0.029818
0.020052
0.031169
0.019977
0.013446
0.025519
0.010856
0.014443
0.020527
0.019437
0.026908
0.011474
0.017443
0.021542
0.014562
0.028046
0.024612
0.017537
0.020212
0.008141
0.022108
0.010284
0.017025
0.021226
0.018207
0.016568
0.015757
0.016759
0.010824
0.017293
0.015576
0.018901
0.01517
0.028065
0.024135
0.014888
0.019365
0.01894
0.024746
0.01628
0.023852
0.010519
0.029523
0.016037
0.031218
0.020993
0.018566
0.029037
0.020891
0.011803
0.018248
0.016052
0.02209
0.004388
0.02045
0.01492
0.018839
0.011584
0.01394
0.00801
0.010096
0.01131
0.013638
0.014322
0.015622
0.010889
0.019535
0.020752
0.024789
0.012809
0.019038
0.021816
0.018671
0.019953
0.027958
0.021099
0.011968
0.022182
0.027769
0.01746
0.01826
0.018317
0.014413
0.019909
0.016401
0.023261
0.017166
0.02594
0.018261
0.018971
0.019923
0.012726
0.017652
0.015081
0.014905
0.016615
0.016908
0.020153
0.021516
0.019962
0.018707
0.017788
0.015721
0.015933
0.025127
0.018076
0.016804
0.020622
0.008651
0.021198
0.038189
0.015875
0.020903
0.020412
0.019881
0.018671
0.019976
0.024256
0.02502
0.02177
0.018276
0.014118
0.018743
0.022582
0.016935
0.013644
0.025605
0.014642
0.018957
0.014037
0.022112
0.017355
0.020882
0.023572
0.020648
0.013706
0.040484
0.020205
0.015704
0.03366
0.018792
0.016398
0.014086
0.014274
0.014465
0.024908
0.006798
0.019592
0.02341
0.018316
0.020557
0.021827
0.011865
0.014511
0.006085
0.018694
0.017081
0.020189
0.013432
0.016549
0.009863
0.01438
0.025638
0.032955
0.015719
0.015035
0.020872
0.006539
0.014847
0.023677
0.02903
0.021187
0.027516
0.015409
0.020187
0.027
0.026357
0.025437
0.025604
0.025056
0.025484
0.013245
0.018217
0.012203
0.015923
0.029161
0.01949
0.018638
0.020954
0.027638
0.020647
0.010091
0.020877
0.041404
0.032599
0.019605
0.019196
0.033992
0.024684
0.021141
0.024999
0.018645
0.020422
0.011931
0.008549
0.016708
0.020714
0.021818
0.012132
0.017559
0.014285
0.01109
0.02016
0.023742
0.015822
0.013153
0.015604
0.011894
0.010308
0.01358
0.020424
0.027387
0.018877
0.013944
0.020189
0.033169
0.01881
0.017719
0.019335
0.012517
0.012524
0.016092
0.016522
0.014282
0.020129
0.027199
0.023948
0.018712
0.014722
0.015945
0.021395
0.010378
0.021921
0.015086
0.014726
0.032031
0.021519
0.017702
0.016624
0.02467
0.015064
0.010061
0.020824
0.019598
0.022499
0.018834
0.017884
0.020046
0.01979
0.01389
0.031249
0.031096
0.01216
0.025072
0.015113
0.021931
0.016023
0.012135
0.015755
0.027369
0.013788
0.020464
0.014042
0.018281
0.010777
0.015136
0.022982
0.018122
0.036923
0.037951
0.019616
0.022741
0.015349
0.019582
0.020169
0.024042
0.016654
0.021742
0.013758
0.016343
0.008292
0.023779
0.027346
0.01355
0.015276
0.0184
0.014517
0.016668
0.011733
0.023978
0.017321
0.010562
0.019365
0.024075
0.011756
0.015361
0.016204
0.014106
0.028514
0.024604
0.021649
0.018052
0.010884
0.00781
0.022694
0.025261
0.017754
0.036178
0.014027
0.027884
0.02059
0.014421
0.022979
0.01485
0.016522
0.027356
0.031311
0.016926
0.02092
0.026904
0.023975
0.016557
0.021361
0.01744
0.014077
0.019802
0.021001
0.015995
0.025413
0.012458
0.024546
0.021489
0.015219
0.013251
0.014323
0.025973
0.0163
0.015686
0.018161
0.016175
0.018188
0.020991
0.015158
0.019063
0.014603
0.014578
0.02263
0.014887
0.012666
0.022168
0.016643
0.016507
0.017735
0.017882
0.024222
0.035705
0.012032
0.015924
0.015461
0.033535
0.010357
0.018431
0.01979
0.015273
0.034151
0.025394
0.015663
0.019403
0.015272
0.015667
0.01864
0.011983
0.024848
0.017628
0.021109
0.019267
0.015456
0.018521
0.01487
0.009078
0.015702
0.025912
0.016767
0.014405
0.015004
0.02047
0.01296
0.02045
0.019651
0.010149
0.023315
0.025087
0.024635
0.020645
0.020313
0.024525
0.010326
0.011703
0.024893
0.021399
0.018935
0.024715
0.021941
0.021617
0.011648
0.030123
0.01731
0.028007
0.023047
0.034413
0.01743
0.018034
0.017178
0.023213
0.009692
0.021001
0.026644
0.017656
0.020313
0.013616
0.021495
0.02051
0.018484
0.017587
0.018949
0.028316
0.021724
0.006849
0.020029
0.020111
0.016044
0.016978
0.017141
0.0134
0.014489
0.018648
0.020757
0.026801
0.019917
0.024829
0.016116
0.010128
0.020761
0.020564
0.011979
0.016243
0.015333
0.018895
0.012165
0.02274
0.018711
0.017518
0.012287
0.015126
0.010579
0.01508
0.032382
0.015638
0.019876
0.014027
0.014813
0.014976
0.010635
0.021191
0.017147
0.016403
0.019477
0.014524
0.01114
0.020893
0.018518
0.013733
0.014276
0.018547
0.014002
0.018192
0.013866
0.015359
0.01603
0.02276
0.010314
0.01301
0.023953
0.032954
0.013159
0.017029
0.010107
0.009348
0.02003
0.018145
0.018921
0.028329
0.015853
0.027665
0.018878
0.011016
0.01623
0.01339
0.018462
0.02122
0.025484
0.019085
0.016615
0.016724
0.01934
0.013009
0.018871
0.011831
0.018463
0.016627
0.022754
0.013054
0.021219
0.016685
0.025384
0.016033
0.027808
0.018064
0.027247
0.016746
0.016525
0.016054
0.014604
0.022947
0.016109
0.016107
0.016534
0.023498
0.02671
0.026855
0.021977
0.015174
0.016131
0.014024
0.015814
0.01039
0.015213
0.012815
0.017278
0.017471
0.013184
0.025242
0.018211
0.025401
0.015134
0.020215
0.014033
0.020061
0.020637
0.01235
0.023217
0.016931
0.016397
0.024192
0.014365
0.011371
0.019695
0.02287
0.021845
0.017064
0.019641
0.009433
0.027322
0.017131
0.025891
0.010547
0.027041
0.020322
0.015616
0.017482
0.016289
0.021568
0.013033
0.016513
0.015072
0.020429
0.00475
0.019347
0.017825
0.017661
0.019755
0.018313
0.009262
0.02484
0.011363
0.008992
0.010673
0.015506
0.01362
0.011199
0.006541
0.015223
0.035169
0.016542
0.014181
0.023395
0.029609
0.021731
0.019594
0.015198
0.014646
0.018289
0.022355
0.0163
0.026697
0.013513
0.039583
0.012967
0.013822
0.012896
0.026357
0.018164
0.011843
0.017683
0.01953
0.019149
0.019524
0.017301
0.018176
0.010522
0.016481
0.023989
0.019375
0.010709
0.009682
0.016446
0.020831
0.009696
0.017032
0.021605
0.021541
0.014282
0.021445
0.009978
0.020382
0.022662
0.014098
0.016343
0.022187
0.011076
0.018074
0.024169
0.022773
0.013574
0.008781
0.018767
0.009037
0.025096
0.012471
0.019632
0.017352
0.017545
0.019157
0.019187
0.017827
0.019104
0.013111
0.026867
0.009113
0.025446
0.020775
0.014013
0.017704
0.02002
0.019847
0.018006
0.01276
0.026162
0.027089
0.018803
0.014212
0.030763
0.017956
0.020986
0.017821
0.022918
0.025604
0.024209
0.017556
0.016028
0.017747
0.023113
0.01648
0.025159
0.014309
0.018122
0.020392
0.007044
0.009816
0.029427
0.008377
0.017263
0.011534
0.012515
0.017022
0.017597
0.016635
0.011591
0.019314
0.005402
0.016857
0.011903
0.024238
0.025881
0.019226
0.010971
0.01411
0.01225
0.015301
0.00944
0.020567
0.021257
0.024693
0.019151
0.022648
0.013635
0.015753
0.009904
0.022835
0.023702
0.024016
0.01729
0.013204
0.027346
0.021271
0.014173
0.017827
0.011684
0.031746
0.018866
0.018439
0.01912
0.007551
0.015814
0.015896
0.016527
0.016339
0.015324
0.02263
0.035659
0.018543
0.014265
0.026921
0.018617
0.024947
0.018051
0.014007
0.028537
0.022447
0.013718
0.0216
0.020797
0.010429
0.018363
0.017005
0.014028
0.021723
0.023273
0.01928
0.016544
0.016482
0.016613
0.021033
0.010153
0.023208
0.016706
0.024189
0.018021
0.022783
0.018087
0.035041
0.017423
0.017798
0.025007
0.024544
0.011147
0.023605
0.015666
0.012545
0.015221
0.012588
0.01402
0.011298
0.023026
0.012867
0.011712
0.011232
0.02064
0.009132
0.027399
0.017935
0.014025
0.023071
0.007272
0.023007
0.017816
0.023159
0.034344
0.017546
0.018514
0.041446
0.01967
0.024179
0.011233
0.012245
0.016112
0.020734
0.017197
0.017016
0.016246
0.012447
0.016005
0.022624
0.036064
0.025536
0.026626
0.02215
0.015305
0.016427
0.023124
0.013169
0.016761
0.024317
0.032219
0.015977
0.013133
0.014137
0.020599
0.013615
0.02153
0.013664
0.024303
0.028702
0.023304
0.01869
0.019443
0.029992
0.020623
0.020146
0.02656
0.02168
0.019906
0.021313
0.017975
0.023358
0.0134
0.017847
0.024236
0.020334
0.018838
0.007364
0.014136
0.017857
0.028833
0.030406
0.008293
0.010215
0.010659
0.020552
0.020249
0.012394
0.014157
0.02035
0.018321
0.029846
0.012898
0.013392
0.016303
0.016147
0.015764
0.015217
0.011434
0.016997
0.014506
0.019663
0.018586
0.016802
0.017445
0.008979
0.016216
0.01415
0.012808
0.013718
0.021177
0.020883
0.027302
0.013405
0.014472
0.014206
0.026179
0.012451
0.009483
0.022932
0.014378
0.023496
0.021466
0.009449
0.014578
0.019872
0.019031
0.015895
0.019685
0.015861
0.024951
0.021975
0.01828
0.015093
0.017434
0.018499
0.017387
0.01221
0.031028
0.019264
0.02334
0.026791
0.019141
0.021678
0.023421
0.017361
0.017098
0.016693
0.013455
0.017864
0.018884
0.013056
0.022126
0.015063
0.023776
0.015984
0.020736
0.010118
0.021969
0.031796
0.019702
0.019155
0.019987
0.015178
0.017297
0.021097
0.014531
0.028003
0.021018
0.019792
0.024309
0.009671
0.019438
0.006931
0.013531
0.015149
0.014892
0.012074
0.017688
0.014067
0.019468
0.019276
0.012427
0.016444
0.013389
0.025315
0.020401
0.01931
0.025519
0.012237
0.01415
0.027807
0.013842
0.022026
0.016712
0.017854
0.018861
0.009048
0.019292
0.021271
0.015456
0.021481
0.017399
0.011253
0.018733
0.01624
0.013667
0.02143
0.016474
0.017302
0.014793
0.009733
0.016446
0.024977
0.022725
0.016982
0.01902
0.025974
0.014119
0.023264
0.023178
0.015525
0.020316
0.013746
0.015768
0.013642
0.016513
0.013592
0.014469
0.011728
0.029207
0.022021
0.022638
0.017623
0.019544
0.024874
0.030825
0.014649
0.016923
0.009104
0.017617
0.016248
0.012164
0.024569
0.014543
0.026667
0.016982
0.01695
0.023262
0.019246
0.013348
0.02155
0.023472
0.014425
0.01009
0.01908
0.024997
0.021492
0.016398
0.019899
0.016853
0.017339
0.020659
0.023964
0.023585
0.015053
0.031695
0.022085
0.027074
0.012671
0.023817
0.019654
0.015923
0.019731
0.024218
0.009803
0.019162
0.019209
0.021586
0.012601
0.015803
0.009462
0.024041
0.014582
0.021685
0.020695
0.020709
0.015892
0.013411
0.017429
0.013193
0.022229
0.022431
0.030592
0.036692
0.021597
0.021532
0.017832
0.015764
0.019196
0.009174
0.017006
0.017082
0.031329
0.036241
0.032163
0.015073
0.017057
0.01176
0.013994
