75.013186
3.374901
3.40792
5.507907
5.734994
5.625074
4.174533
5.295023
3.084118
3.498367
3.12241
2.19467
2.304545
2.318245
2.337682
2.689555
2.974436
2.773169
2.372596
2.425373
2.269114
2.567442
2.28493
2.284608
2.014093
2.457475
3.558139
3.911343
3.427239
4.29807
3.142548
2.230447
3.559673
2.80592
2.021955
4.239898
3.898753
3.825738
4.220864
3.498852
3.695778
3.599734
3.123758
3.514244
2.535891
2.792185
3.178934
3.462789
2.522453
2.124076
2.439637
2.694583
2.610182
2.920584
2.077534
2.216941
2.598474
2.780307
2.001935
2.108952
2.477657
2.88075
3.341307
2.410337
2.903105
2.185467
2.431181
2.07992
2.286351
2.44126
2.42186
2.546101
2.119909
2.139377
2.694249
0.043452
3.238275
3.541727
3.052341
2.733713
3.711537
2.751373
3.999858
2.965836
2.804171
2.984187
2.083228
2.426042
2.584107
2.067128
2.489418
2.603222
2.526813
2.551699
2.742208
2.058654
2.081516
2.338457
2.024817
1.85638
2.265693
2.50023
2.325751
2.355086
2.557784
2.197686
2.160616
2.042467
2.208325
2.578171
2.358848
2.933968
2.670734
2.229521
2.683448
2.517845
2.317984
2.627915
2.488342
2.11974
1.897631
3.39173
2.73624
2.051802
2.908337
2.81575
2.248679
2.177293
3.665542
1.926664
2.536369
7.559299
4.434053
4.546961
2.748281
3.695913
2.583195
5.27287
2.333832
4.440955
4.288872
2.288785
2.176087
2.152608
2.195462
2.992607
0.029162
2.952636
2.611489
2.427428
2.230826
2.164532
2.186394
2.357199
3.029826
2.318826
2.168781
2.270141
2.445205
2.217203
2.283843
2.379667
0.004636
1.984531
2.987395
2.442257
2.420418
0.019666
2.540827
3.358293
1.965695
2.162429
2.920946
2.254182
2.587768
2.282001
2.134988
2.412629
2.289509
2.887045
2.220343
2.180205
2.562414
2.368031
2.484793
2.448642
2.53069
1.894731
2.534339
2.524055
2.342931
2.768985
2.410638
2.346278
2.558692
2.245404
2.269513
2.136396
2.159036
2.998762
2.306773
1.9586
2.127366
2.580376
2.548588
2.357739
1.868889
2.121603
2.487793
1.864105
2.817091
2.165325
2.75867
2.49592
2.460119
2.437019
2.095948
2.598322
2.514633
2.546564
2.605973
2.213491
2.400211
1.978702
2.23986
2.219777
1.883056
2.517419
1.850065
2.547528
2.76987
2.209458
2.143995
2.619539
2.744186
2.16019
2.376002
2.734268
2.211877
2.342541
2.469207
2.795768
2.358006
2.660697
2.289751
2.69494
2.793616
2.500395
2.474787
0.002835
1.980805
2.091271
1.927459
2.467356
2.361552
3.253422
2.831847
2.619066
2.392539
2.17122
1.96424
2.156135
2.052602
2.155158
2.567034
2.675773
2.571487
2.366236
2.262881
0.022664
2.529948
2.616131
2.325674
2.29376
2.080215
2.256965
2.445071
2.585525
1.973312
0.010106
2.677686
2.915016
2.102827
2.569409
3.293875
2.152314
2.229347
2.555924
2.266996
2.445822
2.44737
2.930939
2.57786
2.955415
2.207998
2.196436
1.937612
2.577944
2.642317
1.980288
0.013876
2.720743
2.775188
2.552477
2.09433
2.23454
2.645979
2.351067
2.594895
2.261922
1.927065
2.781611
2.853732
2.755835
2.55681
2.612483
2.140944
2.603436
2.637476
0.026749
2.638601
2.191494
2.429083
2.041031
2.648898
1.9053
2.51144
2.780546
2.114939
2.20181
2.101712
2.340934
2.675842
2.190772
2.311803
2.405672
3.74006
2.043446
2.499975
2.300528
2.09397
3.617636
2.207221
2.271537
2.490451
2.590586
2.391472
2.439382
2.251367
2.030438
2.5623
2.460778
2.116546
2.436478
2.431108
2.316365
3.791526
2.147368
2.656939
2.052054
2.013509
2.359196
2.319057
1.81957
2.364225
2.22733
1.998739
2.677674
2.493367
2.534835
2.126511
2.435394
2.340595
2.521601
2.861438
1.885018
2.884145
2.696402
2.249952
2.123522
2.225449
1.936236
2.392791
2.366678
2.100567
1.954386
2.114089
3.375747
1.865644
2.389395
2.485959
2.089134
2.681553
2.105469
2.054196
2.465279
2.070135
2.281572
2.187518
2.347735
2.745899
2.013913
2.588003
2.143876
2.267107
2.289641
2.586606
2.224791
2.215879
2.254347
3.870032
2.106168
2.601759
3.718585
3.428037
2.286051
2.552801
2.42481
2.544711
0.034666
2.410448
2.486397
2.109614
2.236867
2.617157
2.051604
2.78611
2.139188
2.616102
2.434523
2.634509
2.449162
2.506709
2.459169
2.187456
2.031504
2.45061
2.580519
2.552038
2.62166
2.43577
3.525357
2.545353
2.668716
2.239249
2.298671
2.290851
2.843087
2.395597
2.312485
2.193638
1.945018
0.012016
2.671606
2.488463
2.422981
2.198522
2.341583
2.236035
2.25271
2.708229
2.915004
2.03265
2.541246
2.555021
0.041395
0.017406
2.265782
2.393088
2.189877
2.433254
2.155678
2.337204
2.278637
3.377126
1.930377
2.269348
2.822097
2.773873
2.372471
2.075894
2.475213
2.301079
2.417123
2.434006
2.097017
2.819374
2.165891
2.205262
1.858533
2.086954
2.436715
2.214536
2.242172
2.274673
2.824344
2.363878
2.023648
2.277211
2.917967
2.167301
2.540835
2.420978
2.199022
2.575183
2.026029
2.300996
2.003312
2.253178
2.42049
2.045277
2.800669
3.280879
2.122476
2.394136
2.204643
3.7479
2.030411
2.351024
2.506262
2.289413
2.050172
2.308554
1.994167
2.335813
2.436901
2.222569
2.021966
2.394326
2.254224
3.311618
2.228102
2.368237
3.711619
2.57086
2.297223
2.425657
2.420041
3.036751
2.236867
2.220875
2.366436
2.894717
2.447411
2.648689
2.608656
2.392941
0.009337
2.757442
2.313285
1.923154
2.032187
3.053308
2.329614
2.244051
2.489918
2.587527
2.287535
2.004792
3.631053
2.627219
2.890158
1.997048
2.477816
3.461351
2.539588
2.205692
2.546736
2.292765
1.948474
0.030591
2.112525
2.300525
1.98691
2.35598
2.565053
2.526989
2.592329
2.063222
2.238831
2.377861
2.555467
2.334884
0.005475
2.317942
2.041109
2.422451
2.388519
2.937067
2.132821
2.826942
2.157195
2.360636
2.085679
2.248328
2.61227
2.449381
2.100196
2.169111
2.604737
2.769713
2.506446
3.028269
2.416723
0.002915
3.494651
2.640937
2.553281
2.765698
4.024086
2.418432
2.169258
2.271473
2.190012
1.941481
2.946136
2.48361
2.018877
3.051976
2.396497
2.263669
2.569407
2.798263
2.504241
2.257099
2.640849
0.010211
2.699637
0.003339
2.520427
2.242902
2.623982
2.516133
2.137258
2.089311
2.529313
2.508993
2.110349
2.629135
2.458193
2.584921
0.019835
3.343344
2.360752
2.337864
2.514664
2.367848
2.33932
2.07808
2.423562
2.687969
2.052797
2.360816
2.195048
2.693932
3.238049
2.070714
2.959326
2.849615
2.371774
2.109568
2.532533
2.306042
2.370083
2.127652
2.277562
2.998522
2.132988
2.373959
2.327188
1.919702
2.654018
2.449623
2.361188
2.669715
0.016212
2.467786
0.039116
2.364465
2.256843
2.517034
2.208161
2.588447
2.626256
2.228158
2.842542
2.809511
2.041304
2.561166
2.319947
2.613945
2.458926
2.146326
2.452165
2.29414
2.511826
2.104659
2.251899
2.430617
3.46426
2.272849
2.548783
2.84501
2.514222
2.160543
2.621939
2.331472
2.545182
2.453193
2.269863
2.038801
2.064219
2.059112
2.410485
2.002061
2.392478
2.549099
2.49447
2.05959
2.259741
2.060428
0.020356
1.87738
2.893145
2.68086
3.381896
2.373378
2.780639
2.446073
1.921055
2.154948
2.373426
0.008995
2.528328
2.461806
2.111626
2.596472
2.050861
2.668948
2.263566
2.062072
2.590484
2.137771
2.216839
2.509738
2.44982
2.52913
2.238166
2.206641
2.393537
2.241482
2.35937
1.89333
0.008975
2.151587
2.75784
2.082104
2.032883
2.640877
2.500397
2.532709
2.045733
2.031977
1.916622
2.600789
2.174649
2.331596
2.252915
2.65859
2.290545
2.484993
1.965198
2.713046
2.457788
2.775255
2.436546
2.502477
2.430394
2.381995
2.424956
2.020562
2.586771
2.55663
2.260811
1.974771
2.317539
2.268931
1.831823
2.384992
2.252097
2.438031
2.590161
2.244023
2.25157
5.12937
2.067609
2.712191
2.34729
3.778418
2.695034
2.079829
2.413505
2.503232
2.27218
0.020799
2.487507
2.527661
2.725984
2.600627
2.405025
2.034654
2.207313
2.420251
2.783924
2.407315
2.952445
2.673057
2.663514
2.287216
2.472826
2.076313
2.42862
2.116036
2.243331
2.09019
2.402524
2.311617
2.439679
2.342893
2.555152
2.360443
2.040259
2.297722
2.667314
2.575313
2.582867
2.063926
2.922669
1.923353
1.991973
2.175695
2.047409
2.5096
2.358689
2.405438
2.12716
2.444156
2.547188
2.067319
2.848731
2.056773
2.363047
1.989155
2.380464
2.263557
3.207183
2.486206
2.166787
2.31371
2.802702
2.185797
2.261754
1.900488
2.794124
2.538604
2.611412
2.281627
1.943699
2.456007
1.909029
2.468094
2.856171
2.201286
2.214226
2.397335
3.09337
2.908383
2.407218
2.509825
2.311889
2.215998
2.297167
1.898237
2.138785
0.006716
2.502931
2.40222
3.473415
2.608173
2.402962
2.571407
2.080119
2.113356
2.364924
2.395259
3.014228
2.5459
2.598303
2.809852
2.321896
2.367973
2.182906
2.277351
3.145994
2.27301
1.931005
2.002757
2.111679
2.088051
2.454585
2.332995
2.045284
2.748623
2.107802
2.296256
1.965368
2.235931
2.251513
1.966812
2.681732
2.527965
3.254816
2.296889
2.060706
2.206958
2.224935
2.190029
2.177266
2.136506
2.646051
2.380629
1.770438
2.158441
2.014051
2.211459
2.420874
2.263817
2.493803
2.470609
2.110413
2.482449
2.330853
2.129525
2.262051
3.062992
2.412305
2.628895
2.20485
2.127849
2.404461
1.93832
2.076617
2.310644
0.005299
2.453397
2.58445
3.343011
2.467022
3.039308
1.99323
2.400942
2.390648
1.823472
0.005979
2.301805
2.362559
2.16177
3.085558
2.517326
2.29987
2.033603
2.74872
2.59227
2.18556
2.851236
2.547823
3.06893
2.177183
2.224765
2.766297
3.313653
2.183934
2.063684
2.619122
2.424567
2.05011
3.099978
3.271085
2.360156
2.202362
2.406976
0.019591
2.671741
2.158757
2.393221
2.562515
2.201549
2.301632
2.064399
2.75924
2.361738
2.411593
1.998817
2.233953
2.514209
1.990262
0.011701
2.334597
0.011612
2.030758
2.786797
2.466125
13.700408
2.057181
2.437531
1.972073
2.62214
2.121375
2.116683
2.4703
2.301027
0.01656
0.03874
2.895914
2.600482
2.529977
2.404237
0.00441
0.030078
2.468029
2.98364
2.014262
2.305682
2.284965
2.0373
2.04287
2.640453
2.666744
2.107494
2.85006
2.775612
2.141252
2.537516
2.248593
2.376941
2.336451
2.773168
2.278308
2.089387
2.571556
2.293135
2.157609
2.36824
2.181702
1.969923
2.549328
2.452205
3.76588
2.009676
1.923096
2.636239
2.53801
2.397184
2.753922
2.517601
2.309793
2.673168
2.506627
3.056032
2.638008
2.278824
2.555424
2.190795
2.186336
1.905737
4.261679
2.464713
2.557677
2.395468
2.183785
2.55835
2.601466
2.689891
2.122183
1.974255
2.700017
2.630135
2.656664
2.604726
2.159831
2.597727
2.163363
2.437465
0.016919
2.696056
2.43864
2.728863
2.403588
2.440134
2.296035
4.130172
2.597324
1.922104
2.459693
2.095029
2.729215
2.081148
2.365724
2.470482
2.18891
2.419978
2.23548
2.096661
2.156698
2.436614
2.641128
2.309794
2.82803
2.238141
2.881465
2.139392
2.780015
2.4697
2.579964
2.293096
3.759587
2.077659
3.03374
2.987937
2.461016
2.859217
2.297277
2.473616
2.60636
2.943755
2.639023
1.959412
0.010675
2.863749
2.764044
3.226412
2.418412
0.048175
2.067289
1.98085
2.256657
0.021918
2.4915
2.316093
2.125975
1.928539
2.686996
2.694121
2.244161
2.665753
2.025496
2.482257
2.48669
2.167259
2.155983
2.331176
2.922715
2.130839
2.365776
2.620822
2.432783
2.24281
2.148782
1.98779
2.367649
2.699031
2.254032
0.019952
2.365451
2.556899
2.727804
2.350766
2.446478
2.30301
2.432102
1.947429
2.201752
2.272267
2.380903
2.235025
2.296253
2.119614
2.380689
2.653888
2.205585
2.646722
2.222093
2.347338
2.10275
2.187346
2.28916
2.511678
2.566137
2.085737
2.707895
2.753111
2.487245
2.411832
0.013042
2.634329
2.512488
2.888982
3.474702
2.85742
3.159517
2.491199
2.417906
2.497099
2.168337
2.709048
2.786651
2.281147
2.157907
2.311818
2.357155
2.378522
2.739669
2.481046
1.959504
2.545189
2.242234
2.404459
2.260866
2.707936
2.226863
2.140222
2.619232
2.023573
2.692385
0.003788
2.024197
2.200295
2.638969
2.645957
2.300063
1.917909
2.681311
2.262614
2.406049
2.446064
2.405922
1.960857
1.979357
2.58577
2.473193
2.152922
2.806657
3.013536
2.551944
2.004157
2.070309
2.539188
2.658499
2.838884
2.502016
2.42625
2.080681
2.564191
3.295095
2.002267
2.667077
2.598834
2.320778
2.237226
2.40466
2.337557
2.681669
2.638061
2.221842
2.652556
2.249946
2.4143
2.046027
2.172033
2.504675
2.664176
2.441835
2.462928
3.236984
2.459326
2.566228
2.752366
3.128898
2.454035
2.572068
2.267271
2.135871
2.246877
1.895241
2.46772
3.080049
2.292647
2.253821
2.462741
2.568507
2.045854
2.780814
1.968748
2.065947
2.404139
2.867873
2.306854
2.972232
2.736726
2.502133
2.440138
2.202161
1.99933
2.569837
2.646361
2.287022
3.275923
2.479872
2.354983
2.31368
2.143851
2.228299
2.040448
2.172907
3.04343
2.827437
2.603444
4.334613
2.499638
2.403732
2.865486
2.920858
2.031165
2.612483
2.18623
2.254593
2.698536
2.359569
0.025428
2.089453
2.700347
2.559552
2.215447
2.437995
2.587326
4.410374
2.738539
2.096643
2.124922
2.114521
2.501161
2.450797
1.874227
2.429428
2.87686
0.013541
2.051344
2.528462
2.464617
2.49839
3.074277
2.126911
2.329952
2.400382
2.38469
0.012867
1.923904
2.534572
3.144977
3.741143
2.235517
2.700808
2.376588
2.596121
2.718037
1.859702
2.884393
2.544902
2.670496
2.252552
2.422979
2.792
2.604713
2.600564
2.798657
2.78496
2.916732
2.320592
2.875848
2.394729
2.062206
0.028881
2.728691
2.247461
2.32463
2.725423
3.580187
2.536686
2.212306
2.1416
2.723198
2.084681
0.019701
3.55669
3.054581
2.344181
2.18359
2.595228
2.478284
2.591798
2.460284
2.353932
2.257947
2.749173
3.14499
2.178596
2.059644
2.135264
2.610699
0.061
2.244445
2.508039
2.106226
2.047493
2.587763
1.961583
2.218977
2.418775
2.074349
2.087818
2.355935
2.149322
2.624281
2.97849
2.501194
3.351494
3.719316
3.017851
3.50609
2.425597
2.61575
2.738856
2.537262
3.715126
2.096333
2.362862
2.176591
2.169228
2.062167
2.501608
2.951901
2.354241
2.435933
0.032585
1.999833
2.548412
2.364077
2.161187
1.994589
0.014474
2.223276
0.042553
2.008565
2.308952
2.444153
2.671905
2.227711
2.584782
2.228013
2.20143
2.268579
2.341388
2.585157
2.060349
2.346481
2.649769
3.279043
3.064697
2.13519
2.628725
2.293801
2.305188
2.336923
2.408738
0.012721
2.543262
2.431576
2.225071
2.250811
2.424329
2.038477
2.234787
2.340651
3.714361
2.648162
2.050835
2.398389
2.047872
2.414518
3.501782
3.319558
2.411704
2.500971
2.579963
2.116883
2.223865
2.446743
2.110172
2.459036
2.427184
2.499604
2.435573
2.536587
2.380028
2.64355
0.003059
2.646742
2.322359
2.385069
4.236592
2.515684
2.368061
2.80225
3.558108
3.037877
2.242055
2.545277
2.404074
2.250885
2.529493
2.275024
2.392436
0.039903
2.201867
3.573827
3.510345
3.262443
2.340126
2.960541
1.981901
2.142953
4.696145
2.89601
2.265884
2.293322
3.462059
3.55907
3.786823
3.804413
3.183208
2.850756
1.868711
2.130277
2.669332
2.4981
2.206431
2.617479
1.986641
2.092985
3.354233
2.196995
3.348534
3.042126
2.339188
2.163068
2.498601
2.583709
3.561789
2.488621
2.27094
2.03761
2.523122
2.566345
2.965594
3.253768
2.479086
2.556664
2.587289
2.505094
2.684318
2.16524
2.544831
2.09927
2.544754
3.122831
2.102164
2.675971
2.513819
2.506862
2.850516
2.160763
3.060233
0.006698
2.484467
2.288911
2.853526
2.467008
1.880467
2.726116
2.697401
2.590985
2.244882
2.156392
2.051286
2.214821
2.809286
2.053645
2.928225
1.940966
2.624511
2.76773
2.030356
2.500555
2.217116
2.615127
1.965152
2.235958
2.271822
1.934742
2.411302
2.463971
2.275472
2.355603
2.308137
2.460979
3.040182
2.359757
2.720329
1.881959
2.285247
2.801125
2.259355
2.122376
2.421426
2.046449
0.009843
0.009145
2.465147
2.372067
2.363615
2.194984
2.310401
2.584429
2.715225
2.775222
3.858329
2.055752
2.765237
2.383059
2.293138
2.295497
2.061252
2.509999
2.32808
2.570333
2.45333
2.782214
2.458196
3.361196
3.393109
2.612708
2.465222
2.418286
2.473006
