15.207828
2.562234
3.021178
4.876942
9.156115
4.694064
4.152706
4.221423
3.023408
2.602031
2.734012
2.046985
1.747536
1.783389
1.725989
2.278641
1.953348
1.547973
1.879635
2.410931
1.564372
1.941757
1.922381
2.202222
1.695635
1.8829
2.756367
2.164156
2.134485
1.976205
1.755586
1.823704
1.857651
2.231308
3.365659
2.718265
4.50569
2.686539
2.85412
2.869674
2.70059
2.601796
5.040831
2.669421
2.122658
1.62519
2.078898
1.674707
1.741336
1.612304
1.713525
1.839755
1.740811
2.008875
2.100515
2.223294
3.046157
1.878921
2.056505
2.02506
1.882229
1.652449
2.315461
2.216991
2.259524
2.180666
1.711255
1.652059
1.956793
2.841486
1.663408
1.62887
2.635285
1.95679
1.785151
0.219752
2.852027
4.195972
2.536137
2.794537
2.32445
2.208229
3.752461
2.063554
2.659886
2.055114
1.769564
2.341933
1.894797
1.771197
1.735219
1.567084
2.092004
2.009997
2.045608
1.773035
1.635776
1.709523
1.831669
1.54525
2.081011
1.98456
1.912719
1.745159
2.348116
2.343855
1.999581
2.006368
1.846572
1.818521
1.975504
2.271294
1.810456
2.170647
2.59005
1.750182
1.864454
1.811362
1.955675
1.736788
2.050702
1.588784
2.387302
1.909592
2.085626
1.764119
2.245368
2.103669
1.782885
2.182846
1.773048
2.769202
4.601273
3.15094
3.004853
2.85309
3.497677
2.06408
3.221281
3.462987
2.567266
1.861491
2.215942
1.782071
2.211691
1.926206
0.005539
1.865562
1.798213
2.287199
1.909623
1.753884
1.843532
1.852743
2.222089
2.054774
1.830531
2.006701
1.921882
1.92438
1.912439
1.970321
0.012417
1.848516
2.088981
1.949506
1.651145
0.005706
2.684679
2.555314
1.538549
2.018111
1.533505
2.769343
1.910422
1.676641
1.619349
1.424135
1.978097
2.072754
1.855496
1.966082
1.774127
2.012971
1.805562
2.13842
1.684357
1.983969
2.227022
3.007508
2.212595
2.062555
2.002783
1.855466
1.815484
1.86634
1.668696
1.696646
1.730115
2.022293
2.085684
1.812189
1.984532
1.816853
2.098125
1.739011
1.596122
2.044643
1.963194
2.195207
2.231483
1.916059
2.062024
3.215222
2.038197
1.703535
1.957139
2.017341
2.004421
1.507549
1.666543
1.983703
1.882391
1.950508
1.894689
2.153868
2.106816
2.043108
1.940955
1.807693
1.790626
1.989091
1.855018
1.877576
1.56416
2.299583
2.028173
1.594143
1.936724
2.052802
1.87884
1.942114
1.977333
2.27822
2.113213
1.973039
2.138384
1.876707
1.677423
0.001788
1.761164
2.312101
1.679206
2.321596
2.178317
2.107119
1.984151
2.092365
1.835036
1.769928
1.983525
1.868572
1.584989
1.89423
2.098767
1.840476
1.983932
2.158574
1.493989
0.016922
1.709468
1.652539
1.762777
1.754795
1.776743
2.163922
1.928043
1.813315
2.104529
0.001169
1.672141
1.964056
2.329316
2.098571
1.676551
1.69637
2.211269
1.912092
1.833262
1.787789
2.639459
2.035658
1.853233
1.723332
2.244715
2.105286
2.104986
2.031839
1.801804
1.861756
0.021624
1.887311
1.903825
2.257878
1.704939
1.772895
2.079035
2.004843
1.595472
1.673521
1.760716
2.595218
1.624117
1.874172
2.698816
1.90816
1.790645
1.685233
2.114402
0.003105
1.825606
1.97894
1.849271
2.037004
2.026946
1.812937
1.570847
1.980548
1.778389
2.001503
2.042571
1.706089
1.979442
2.151838
1.922759
1.43223
1.908219
1.842717
2.025289
2.171672
1.771104
1.798387
1.764146
2.245961
1.762711
2.066226
2.529283
1.673238
1.938604
1.930502
3.060346
1.934607
1.860802
2.014171
2.000176
1.769576
1.931739
1.685654
2.032595
1.689484
2.054339
1.95064
1.683703
2.110791
2.015927
2.033143
2.12122
1.451802
2.129734
1.833768
1.550525
1.71969
1.928312
1.658775
2.000519
1.814764
1.719172
1.644984
1.748607
2.284177
1.980788
2.002972
1.827575
1.748105
1.603556
1.757381
1.978548
1.808171
1.930218
2.250349
2.119551
2.148454
1.861262
2.11706
1.578459
2.078693
1.866626
1.883657
1.981696
2.074512
1.748723
2.191281
1.564545
1.957659
1.805405
1.756807
2.334493
1.968143
1.693544
2.030598
2.202479
1.671614
1.721358
3.100557
2.021722
2.041005
2.10657
1.994562
1.639248
0.011589
1.76553
1.878221
1.900188
1.817335
2.23146
1.713161
1.81535
2.007399
1.725373
1.927473
1.914553
1.723124
2.154104
1.949123
1.853116
2.024466
2.087708
1.843857
1.997931
1.925939
1.546185
2.017446
1.616388
1.598058
2.176558
1.950551
2.41228
1.90157
2.028735
1.813971
1.869776
1.778454
0.034033
1.518106
1.850252
1.796243
2.092046
1.913058
2.273025
1.69531
2.105594
1.984059
2.167764
2.172747
1.950508
0.023721
0.009649
2.034923
1.541205
2.104742
1.613861
2.060663
3.343308
2.205698
2.069821
2.637224
2.020428
2.106207
2.092168
1.932817
2.01451
2.056244
2.182944
1.971018
2.059572
1.996192
1.658554
1.475374
1.700011
1.630785
1.624028
1.986048
1.861196
1.94158
1.885209
2.035622
2.174992
2.037496
1.863952
2.198525
2.327264
2.038875
1.92346
1.801319
2.922351
2.86406
1.762153
2.098447
1.633023
1.735109
1.429018
1.555949
1.920419
1.585994
1.921562
1.647321
2.158976
1.771031
1.9546
1.817121
1.604095
1.996024
2.083892
1.693725
1.673179
2.208609
2.220435
1.871183
1.579634
1.895094
1.946228
2.083278
1.805074
2.082559
1.795543
2.156358
1.865219
2.158357
2.016542
2.196005
1.622044
2.182496
2.097618
1.860177
1.935638
2.008289
1.624271
0.00682
1.879446
1.555411
1.898556
2.085067
1.939316
1.970639
1.638192
2.085082
1.911965
1.540086
1.947654
1.818984
1.807135
3.62861
2.026693
1.906179
1.778239
2.020947
2.275352
2.004111
1.771363
1.894979
0.003033
1.737462
2.192828
1.652705
2.108715
1.678432
1.540166
2.089977
2.210412
1.66447
2.09674
1.87656
1.957179
0.004166
1.923012
2.213969
2.112353
1.816226
1.579605
1.972152
1.918543
1.564019
2.07193
1.530316
1.571575
1.814906
1.953411
1.688516
1.74456
1.773672
2.171107
2.126154
1.938834
2.2361
0.001632
2.176929
1.546284
2.067416
2.068811
2.039348
1.730257
1.711917
1.957661
1.664635
1.739228
2.062125
2.048995
1.985411
2.131153
1.781236
1.536125
2.081417
2.026483
1.939179
1.985167
2.012891
0.018062
1.852829
0.00713
2.692415
2.127947
1.91439
2.070024
2.021649
1.871078
2.02464
2.254699
2.04169
1.984079
1.934292
1.68103
0.009564
1.937014
2.028363
2.176141
1.989802
1.759818
2.32967
1.505614
1.807237
1.965162
2.0204
1.632333
1.915206
1.742046
2.035693
1.809494
1.67451
2.134903
1.894286
2.469678
1.710377
2.117609
2.091437
1.869703
2.192413
2.052008
1.778684
1.892618
2.60203
1.956034
1.748318
2.036423
1.938767
1.983355
0.008199
1.959034
0.005765
2.039773
2.048562
1.827912
2.064971
2.036815
1.974736
3.003055
1.997317
1.96676
2.163664
1.674027
2.043505
1.635412
1.813521
2.074009
2.06452
1.93067
2.076426
1.663535
1.819084
1.925932
1.614744
2.027172
1.799168
1.610228
1.50815
2.163726
1.911929
1.819582
1.703647
1.673533
1.655522
1.806387
2.165269
1.639884
1.878574
1.831395
1.991474
2.361861
2.080627
2.094995
1.858288
1.957425
0.013473
1.669975
2.063609
1.753618
1.929152
2.13202
1.808292
1.75389
2.161603
1.647495
1.987734
0.016021
1.525632
1.732139
1.619239
2.026209
1.696306
1.760745
1.897576
2.069753
1.629745
1.875933
1.463541
1.558424
1.851669
1.617042
2.026686
2.531014
2.074648
1.816894
1.8484
1.87651
0.002929
1.750165
1.905588
1.988914
1.645885
1.935516
1.548658
2.021963
1.673051
1.632051
2.248115
1.850909
1.844215
2.092869
1.597544
1.678507
2.032903
1.942514
1.923124
1.781933
1.8584
1.975103
2.390372
1.658006
1.772977
1.560986
2.67117
2.133188
1.527707
1.963184
2.379249
1.626999
1.672545
2.788713
1.990797
2.007832
1.765317
2.117736
1.991298
1.828945
1.772281
2.82322
1.584467
1.6936
1.640142
1.774872
2.503975
2.544441
1.561269
2.056379
2.215102
0.015275
1.655585
1.651224
1.891546
2.228895
1.793665
2.0517
1.897109
1.901598
2.050491
2.013236
2.082179
1.974527
2.006267
2.225534
1.981094
1.844706
1.931265
2.125675
1.803164
1.612536
1.756494
2.045734
1.726082
2.005834
2.108262
2.140575
1.740099
1.609469
1.837715
1.582648
1.673679
1.557444
1.881553
2.076099
2.297812
1.718406
1.828384
1.794691
2.010728
1.979083
2.214853
2.032181
1.94546
1.750919
2.019688
1.619476
2.111961
2.036778
2.047515
1.933242
1.882986
1.950586
1.563114
1.669169
2.419743
1.954267
2.253349
1.978202
2.070338
1.837037
1.844635
1.609105
2.060477
2.192691
1.736709
2.000719
2.434568
1.781299
1.862453
1.895874
1.959385
2.192483
1.529947
1.758868
1.591912
1.678167
2.110151
2.044862
1.750116
0.013362
2.001402
1.771395
1.637635
1.766298
2.119728
1.832426
1.964676
2.078285
1.844511
1.69689
2.100135
2.820672
1.702711
2.176264
1.764675
1.681063
1.639684
2.197681
1.752214
1.82667
1.964913
2.033182
2.012017
1.980944
1.808891
1.940923
2.069254
1.921875
2.166628
1.729475
2.06421
2.128223
1.975854
1.810752
2.508591
1.868056
1.901355
1.680205
1.897745
1.796787
2.189109
1.694476
2.021289
2.012643
1.70433
1.705962
1.974718
1.715507
1.900102
1.91543
1.831645
1.538759
1.740813
2.093337
2.81092
1.716508
1.666985
1.782234
2.129498
2.245957
2.254496
1.850195
1.996255
2.065738
1.730325
1.69327
1.816
1.845654
0.001673
1.891011
1.841235
1.779138
1.504312
1.841641
2.03616
1.945135
1.74692
2.061259
0.008767
2.477284
2.200654
2.075962
2.332969
1.671637
1.692568
2.019439
1.875902
1.879233
1.880983
1.760985
1.525047
2.037982
2.308969
1.805916
1.854431
1.975747
1.538056
2.186599
1.79805
1.885726
1.794803
1.88726
2.363067
2.286903
1.946432
1.750653
0.007316
2.085795
1.986014
1.857973
1.687278
2.12026
2.016749
1.816887
1.711538
1.583049
1.661811
1.797937
2.205001
1.761358
2.03092
0.006182
2.639352
0.0206
1.805016
2.141355
2.231784
1.929019
1.97467
1.616334
2.000196
1.967483
1.575026
1.857869
1.882303
1.593684
0.017455
0.025391
1.645959
1.924458
2.042372
1.701464
0.002268
0.006345
1.732889
2.011047
1.666202
2.628462
1.992939
2.065367
1.907378
2.054403
1.542141
1.642809
1.921609
1.863171
1.778892
1.892811
2.169807
1.907928
1.66604
2.057221
1.695832
2.168603
2.013303
2.436464
1.692318
1.815151
1.762204
2.965319
1.732282
1.733617
2.139553
2.199385
1.988056
1.709384
2.143279
1.924946
2.139869
1.703189
2.145253
1.967452
1.905744
1.690851
1.869809
2.111869
1.968577
2.272267
1.880744
1.660545
1.852119
2.01817
2.100754
2.050595
2.07106
1.633428
1.752953
2.217436
1.759082
1.952768
1.654742
1.844118
1.669879
1.927893
1.716083
1.823424
1.534393
2.12384
0.00232
2.18367
1.518881
1.884127
2.642596
1.788492
1.878027
1.870127
1.553986
2.270442
1.877036
1.535617
1.726245
2.092274
1.663145
1.919686
2.720031
1.817268
1.668547
1.866303
1.815216
2.188173
1.807026
2.108561
2.074031
1.65543
1.917732
1.57935
2.123898
1.675512
2.080074
1.538979
1.577942
1.57517
2.180434
1.985521
1.715797
1.606308
1.991978
2.093328
2.124492
2.043857
1.852998
2.426809
0.001349
1.705248
2.056554
2.338868
1.841804
0.022321
1.601647
1.626828
1.93466
0.021083
1.868723
1.98487
2.020735
1.724438
1.966824
2.213418
2.169584
1.6692
2.003199
1.586243
2.03182
2.055303
1.879183
1.922098
1.878039
1.816673
2.078596
1.47791
1.62451
1.709669
2.282256
1.971472
2.285261
1.893535
2.011228
0.014315
1.648294
1.945283
2.235421
1.93289
1.953139
1.76183
1.636841
2.043186
1.803339
2.142493
1.602384
1.695936
1.817981
2.109414
1.593626
1.706828
1.979609
1.876304
2.064244
1.960615
1.916219
1.691009
1.850829
2.820825
2.080257
1.94655
2.049603
1.698692
2.187882
2.105646
0.008515
1.956502
1.905295
2.203384
1.870948
1.920652
2.187529
1.895162
1.728805
2.039168
2.121086
1.84438
2.045
1.937379
1.868598
1.816374
1.534212
2.034031
1.615388
1.801376
2.155996
1.800542
2.935133
1.809757
1.920997
1.714997
1.975737
1.572047
1.785161
1.816091
1.551261
0.007034
1.962751
2.08031
1.675911
1.552293
1.613654
1.891078
1.686672
2.173519
1.647594
1.873561
1.741522
1.703373
1.706392
1.792816
1.702697
1.714573
2.391539
1.572895
1.87516
1.983194
2.197332
1.901749
1.860548
2.013176
1.566023
1.675395
1.78179
1.756121
1.940482
1.627459
1.59662
1.816209
2.117471
1.700875
1.816413
1.737713
2.069458
1.952175
1.697531
1.991928
1.669037
2.048844
1.990067
1.709222
1.700536
2.148397
1.920921
1.818061
1.93262
1.985794
1.757365
1.642155
2.057935
2.347736
1.750822
2.05239
1.926605
1.667627
1.943996
1.639814
1.945894
1.936417
2.010085
1.777
1.57226
1.866705
1.646229
1.889886
1.947844
1.502407
2.025404
2.195539
1.562737
1.766194
2.005084
1.584599
1.833628
2.107739
2.370321
1.814474
2.048823
1.805724
2.112666
2.138246
1.648747
1.585418
2.101565
2.029012
2.186973
2.187414
1.553474
1.874169
1.974129
2.131302
2.042475
2.084098
1.682297
1.698373
1.667656
2.046304
1.974193
2.006533
1.944611
0.003753
1.974195
1.641284
1.845006
1.972708
1.785974
2.161839
1.595418
1.735928
2.011733
1.808396
2.050105
1.789877
1.609883
1.761927
2.205179
1.502006
0.002614
1.978084
1.763749
1.906806
1.982933
1.787299
1.79956
1.916028
1.788782
2.255125
0.015048
2.932891
1.966285
1.76468
1.872851
2.317117
2.325413
2.150839
1.95306
1.883892
1.627697
1.834592
1.565059
1.634723
1.655426
2.158665
1.786841
1.665827
1.863274
2.136926
2.168176
1.907327
1.834323
1.643922
2.03238
1.880461
0.019008
1.834838
1.533332
1.81819
1.964823
1.530112
1.885936
2.156736
2.141767
2.009251
2.190911
0.003748
1.766585
1.742019
2.033115
1.728121
2.036034
1.556778
1.976715
1.918246
2.312268
1.955044
1.593109
1.943317
1.661724
1.836136
1.624787
1.789437
0.007555
1.994508
2.057672
2.108076
2.282897
2.010961
2.427811
1.97369
1.659
1.901571
3.011106
1.704259
2.072958
2.157101
1.960678
1.595813
1.655242
2.067895
1.997813
1.5645
2.081502
2.191273
1.852921
2.048148
2.068514
2.359965
1.808107
1.850694
1.707617
2.231918
1.850868
1.821324
1.735492
1.946488
0.010408
2.074041
1.892552
1.655674
2.053472
1.676544
0.023865
2.112987
0.015841
2.116193
2.001857
2.042078
2.108583
1.790281
1.651999
1.833444
1.662587
1.983372
1.647464
1.64114
1.778973
2.30122
1.701986
2.094665
2.139064
1.655991
1.803449
1.632811
1.935449
1.710872
1.569011
0.004692
1.565708
2.062204
2.063764
1.545414
2.023615
1.996718
1.872176
1.719702
2.045855
2.0439
2.209736
2.04073
2.046227
2.402698
2.140989
1.805017
1.675999
1.932519
1.794546
1.964948
2.096247
1.936297
1.666029
1.763137
1.593152
1.826666
1.768745
1.639834
1.591196
1.873928
0.00662
1.667119
1.992384
2.030728
1.64372
1.820992
1.691929
1.697916
2.210072
2.033274
1.730096
1.598727
2.089854
2.059961
1.907603
2.101083
2.009985
0.014047
1.670082
1.954571
1.810807
1.902156
2.439949
1.645257
1.919648
1.838098
1.867743
1.744344
2.052913
1.866887
1.964596
2.511591
3.423592
2.964309
3.062523
1.92512
1.89554
1.778153
1.700974
3.03299
1.510743
2.035795
1.751821
2.000956
1.733872
1.918217
1.984983
1.983202
2.013105
1.86545
1.803905
2.101578
1.880749
1.94058
1.878271
1.743835
2.003587
1.859238
2.036604
2.108556
2.327732
1.878405
1.786953
2.252167
1.979634
2.186675
2.088926
1.980602
1.958091
1.836907
1.991704
1.965707
1.775635
1.858776
1.882611
1.981707
1.782508
0.007887
2.012915
2.174275
1.918591
1.713667
1.713927
1.973762
1.639111
1.589448
2.015463
1.726605
1.885846
2.191243
1.942997
1.540157
1.507143
1.769483
1.667939
1.730469
1.941724
1.901242
1.868387
2.035451
1.965702
1.840386
1.64272
1.531271
1.871276
1.476196
1.842533
1.819853
2.074778
1.837562
1.830721
1.713391
1.809138
2.22164
2.016269
1.7952
2.185639
1.907645
1.690094
2.011762
0.010789
0.005404
1.738024
1.855774
1.842881
2.258792
2.13215
1.669369
1.986838
2.681563
2.146967
1.693836
1.587302
1.896828
2.047832
1.710255
1.903224
2.213104
2.035666
1.939305
1.586146
2.081105
2.137254
1.940232
2.151136
2.858104
1.8596
2.153404
1.847096
