1.58854
0.454487
0.516464
0.595222
1.313226
0.344727
0.435894
0.464075
0.220569
0.290671
0.229194
0.075534
0.151937
0.119617
0.095117
0.091007
0.092644
0.09087
0.107993
0.163385
0.148563
0.123051
0.220918
0.117051
0.158331
0.124953
0.195032
0.110455
2.302136
0.228534
0.133558
0.080145
0.045373
0.093539
0.070115
0.105806
0.083408
0.385676
0.103456
0.132489
0.250773
0.18793
0.149667
0.118592
0.143843
0.161323
0.100808
0.129184
0.111346
0.064595
0.058155
0.09457
0.098283
0.04951
0.062943
0.070083
0.094999
0.136736
0.133299
0.073957
0.117348
0.093913
0.056688
0.206573
0.055745
0.172494
0.106352
0.138503
0.076205
0.148362
2.033326
0.134245
0.327337
0.226976
0.111906
0.122331
0.249817
0.212984
0.15103
0.109912
0.062764
0.091085
0.171771
0.104354
0.103539
0.086294
0.144083
0.102291
0.095188
0.128036
0.075491
0.203775
0.065918
0.10882
0.053801
0.097578
0.086169
0.092465
0.110198
0.170508
0.041132
0.052723
0.044241
0.068286
0.099618
0.081125
0.104979
0.087698
0.064669
0.151297
0.092097
0.123532
0.052738
0.053959
0.045734
0.127769
0.106575
0.050167
0.079024
0.146885
0.222184
0.089259
0.051548
0.074076
0.056091
0.071508
0.044469
0.067983
0.102708
0.080118
0.068962
0.079388
0.118949
0.157273
0.093823
0.06957
0.16465
0.131945
0.440644
0.326103
0.163991
0.167904
0.056221
0.158722
0.141656
0.135988
0.108441
0.182608
0.154114
0.176638
0.167387
0.142905
0.203528
0.188477
0.16117
0.110907
0.273904
0.116119
0.112232
0.081545
0.046764
0.083494
0.091427
0.095317
0.063467
0.044171
0.161652
0.056539
0.085469
0.141728
0.1563
0.063364
0.051578
0.13879
0.116558
0.084553
0.065779
0.115393
0.058806
0.091852
0.047733
0.065639
0.128579
0.070653
0.055951
0.049813
0.052022
0.118024
0.079575
0.064576
0.108172
0.175067
0.080397
0.088409
0.082524
0.069053
0.107155
0.051762
0.123251
0.12585
0.099404
0.069891
0.038355
0.082354
0.101801
0.102292
0.146537
0.053475
0.103901
0.17505
0.059354
0.06346
0.052683
0.041476
0.082783
0.06831
0.107159
0.072517
0.051116
0.123993
0.109653
0.149187
0.099914
0.134886
0.095478
0.07123
0.112008
0.084876
0.182546
0.126713
0.05684
0.115271
0.090183
0.057893
0.095984
0.214034
0.061457
0.07605
0.101912
0.063625
0.073473
0.126747
0.07151
0.104337
0.06072
0.123731
0.133154
0.130568
0.078709
0.072982
0.142569
0.108596
0.161152
0.114713
0.07216
0.099518
0.074269
0.125174
0.121355
0.098702
0.087725
0.130666
0.052194
0.095159
0.02774
0.152521
0.079597
0.055637
0.152133
0.101805
0.062685
0.114242
0.100144
0.080277
0.060336
0.188181
0.126501
0.056818
0.104698
0.080872
0.07538
0.031002
0.084139
0.130069
0.056436
0.069154
0.103604
0.049091
0.068728
0.061388
0.057683
0.074381
0.055185
0.06097
0.064476
0.081403
0.117355
0.14493
0.056121
0.087584
0.058268
0.068886
0.050385
0.061659
0.119448
0.082319
0.092561
0.097001
0.094165
0.179948
0.034738
0.040512
0.066414
0.122646
0.103499
0.095826
0.058268
0.05773
0.074203
0.085102
0.057981
0.062112
0.089876
0.07316
0.153098
0.080614
0.121337
0.056071
0.100666
0.07187
0.111863
0.106456
0.088106
0.137443
0.101653
0.072699
0.054224
0.060313
0.059716
0.055567
0.061454
0.101585
0.050211
0.080467
0.035999
0.058482
0.132105
0.073473
0.093219
0.070399
0.075026
0.057985
0.081434
0.078024
0.109195
0.082842
0.090906
0.088548
0.112951
0.031976
0.132563
0.081196
0.054109
0.13441
0.067411
0.129886
0.055742
0.085057
0.108487
0.104331
0.091551
0.083889
0.141427
0.04392
0.133827
0.057568
0.123316
0.050874
0.047967
0.341164
0.058884
0.139948
0.080034
0.040128
0.06477
0.157609
0.407609
0.097821
0.141185
0.148925
0.139497
0.062859
0.060522
0.110453
0.078499
0.062525
0.065055
0.075746
0.058381
0.053297
0.07742
0.145473
0.068019
0.094185
0.143417
0.09748
0.084814
0.102236
0.095254
0.097622
0.063492
0.071687
0.067796
0.086826
0.04715
0.054467
0.085084
0.066213
0.183827
0.046835
0.150406
0.088436
0.120156
0.076998
0.082718
0.075856
0.080504
0.148801
0.07088
0.077668
0.075666
0.086401
0.11272
0.08285
0.09314
0.121909
0.118328
0.092954
0.10976
0.052177
0.071653
0.088223
0.08964
0.055587
0.080769
0.038741
0.082405
0.110843
0.050069
0.0823
0.047539
0.102274
0.077319
0.086293
0.078903
0.106205
0.087898
0.074607
0.065059
0.056069
0.120101
0.082148
0.075287
0.069702
0.04815
0.063518
0.075585
0.098853
0.086944
0.092753
0.061405
0.089583
0.117798
0.104912
0.06346
0.200934
0.056864
0.051444
0.053486
0.100743
0.071935
0.092297
0.079045
0.05469
0.086657
0.086058
0.107248
0.076723
0.071869
0.083777
0.052549
0.068024
0.03874
0.078202
0.054475
0.11203
0.061186
0.103324
0.155968
0.074503
0.037535
0.118916
0.128633
0.06008
0.111695
0.116978
0.057991
0.090858
0.080203
0.056403
0.129235
0.067392
0.060888
0.12708
0.069438
0.096294
0.053488
0.112763
0.097534
0.083484
0.069884
0.091745
0.056394
0.129856
0.076105
0.129567
0.159174
0.07955
0.086334
0.067185
0.169119
0.126134
0.084221
0.154702
0.099174
0.082752
0.053327
0.043102
0.089722
0.044587
0.079601
0.172299
0.065394
0.122359
0.076639
0.065891
0.08002
0.169994
0.092084
0.144769
0.120773
0.070308
0.048249
0.109565
0.106869
0.075915
0.061008
0.122092
0.059744
0.060943
0.087279
0.083778
0.060789
0.052758
0.081279
0.104678
0.108649
0.109481
0.114522
0.048328
0.069165
0.09283
0.067206
0.114427
0.079944
0.044506
0.11007
0.106638
0.089061
0.15771
0.073783
0.056672
0.126789
0.076917
0.14502
0.117479
0.114809
0.10062
0.047377
0.060807
0.06538
0.105572
0.056176
0.079134
0.097885
0.07235
0.15084
0.041712
0.105342
0.070689
0.080578
0.052926
0.092211
0.073137
0.130654
0.116838
0.094891
0.093409
0.072156
0.115214
0.120088
0.142103
0.132678
0.139894
0.061775
0.116449
0.042644
0.139514
0.125341
0.09347
0.063935
0.09146
0.047338
0.056364
0.046643
0.06074
0.071613
0.039185
0.151927
0.103063
0.080551
0.131216
0.122043
0.141105
0.075952
0.066749
0.048407
0.070032
0.117826
0.056209
0.061879
0.053668
0.069736
0.040779
0.15918
0.115147
0.136452
0.083962
0.108667
0.046564
0.042108
0.083719
0.048996
0.081741
0.071033
0.068485
0.154386
0.068607
0.127117
0.102249
0.056431
0.063134
0.204346
0.122801
0.098249
0.088754
0.078565
0.093746
0.131317
0.078602
0.087936
0.076299
0.074709
0.085989
0.133654
0.066205
0.06931
0.052378
0.122574
0.092503
0.053037
0.092163
0.065481
0.0827
0.080471
0.051246
0.04048
0.173515
0.057231
0.096201
0.058151
0.070334
0.087165
0.116523
0.147788
0.117604
0.224437
0.068976
0.055907
0.119444
0.068688
0.104699
0.117444
0.115249
0.120094
0.135826
0.063728
0.086662
0.123441
0.101595
0.128216
0.056275
0.142434
0.097307
0.125491
0.110155
0.094597
0.055613
0.095091
0.093942
0.092778
0.065592
0.190336
0.08608
0.091126
0.064934
0.160805
0.050252
0.071955
0.051378
0.056156
0.15168
0.062265
0.043032
0.168435
0.123539
0.043629
0.16301
0.127004
0.061988
0.042713
0.074614
0.133893
0.153387
0.086995
0.058528
0.042648
0.11669
0.072759
0.087428
0.12598
0.054103
0.125873
0.059959
0.0731
0.078631
0.191305
0.104531
0.059531
0.078487
0.109489
0.059598
0.102049
0.108227
0.101533
0.185011
0.155958
0.051149
0.043808
0.065716
0.084266
0.116548
0.087455
0.067471
0.054071
0.075671
0.083266
0.141283
0.105564
0.068011
0.223316
0.044205
0.083534
0.056097
0.146672
0.13476
0.058636
0.099803
0.079586
0.110619
0.080256
0.11785
0.093964
0.07162
0.089732
0.070184
0.049546
0.047344
0.035597
0.083069
0.07106
0.082677
0.042287
0.072992
0.08046
0.117358
0.078287
0.066838
0.164852
0.089057
0.072443
0.138994
0.09095
0.064955
0.075764
0.070405
0.091108
0.091405
0.063694
0.083063
0.056113
0.063897
0.06995
0.086381
0.087408
0.074716
0.089195
0.077145
0.073806
0.069227
0.110566
0.097894
0.042417
0.07715
0.067457
0.097894
0.073613
0.055046
0.165979
0.0955
0.109851
0.143716
0.061329
0.109474
0.071183
0.097497
0.075992
0.073369
0.178065
0.067542
0.128435
0.096469
0.164434
0.062367
0.062091
0.06246
0.085496
0.077928
0.046084
0.058516
0.081999
0.098815
0.11154
0.072977
0.070021
0.045922
0.073027
0.107252
0.107885
0.042547
0.084041
0.046242
0.187179
0.106386
0.142707
0.059163
0.068927
0.085403
0.035456
0.081089
0.086657
0.087049
0.10917
0.078903
0.076106
0.045051
0.108035
0.074146
0.080574
0.085448
0.070487
0.11505
0.096745
0.100536
0.077755
0.041401
0.110588
0.13556
0.181565
0.077185
0.097975
0.103081
0.097189
0.063642
0.097541
0.073475
0.073765
0.063429
0.118843
0.103301
0.096475
0.059442
0.077435
0.082454
0.072786
0.05962
0.032402
0.120678
0.104184
0.062982
0.091117
0.050102
0.075772
0.084755
0.066919
0.060754
0.066756
0.105297
0.20384
0.10726
0.06363
0.2623
0.094583
0.056789
0.040931
0.08459
0.047718
0.06855
0.084016
0.094795
0.058551
0.083939
0.100683
0.069413
0.082074
0.076548
0.060925
0.087477
0.096001
0.03783
0.073649
0.141778
0.095119
0.161923
0.114363
0.158417
0.062264
0.056938
0.064344
0.054721
0.073618
0.057164
0.109221
0.170514
0.043934
0.077131
0.08646
0.11429
0.071836
0.093109
0.126303
0.047411
0.067339
0.136788
0.048281
0.064209
0.109479
0.121025
0.068831
0.097124
0.045938
0.108399
0.055509
0.074402
0.052724
0.07513
0.065245
0.078145
0.071361
0.090334
0.094318
0.057251
0.070912
0.116688
0.054872
0.077438
0.073343
0.08528
0.055233
0.121084
0.188068
0.107789
0.176013
0.102704
0.080208
0.108477
0.086932
0.149089
0.054753
0.15245
0.071218
0.062553
0.040608
0.126057
0.082961
0.200355
0.144036
0.161526
0.072586
0.090691
0.186727
0.044091
0.055389
0.058131
0.090671
0.063349
0.07287
0.087547
0.074614
0.050735
0.048669
0.086672
0.062579
0.093713
0.132063
0.068048
0.045117
0.063445
0.085197
0.162344
0.059398
0.053439
0.08073
0.119515
0.045621
0.089897
0.053894
0.107755
0.071894
0.066744
0.073656
0.076598
0.041927
0.09212
0.116485
0.048443
0.056696
0.1845
0.091964
0.097519
0.105131
0.180026
0.099346
0.098669
0.093272
0.088416
0.063959
0.064812
0.076888
0.031691
0.065799
0.069202
0.07432
0.054889
0.146144
0.047869
0.080429
0.116053
0.10386
0.07457
0.038234
0.044163
0.039693
0.088986
0.117387
0.047337
0.094205
0.056261
0.112782
0.07414
0.061917
0.128882
0.055658
0.063609
0.093902
0.034254
0.068059
0.109768
0.041986
0.070156
0.102651
0.084172
0.095551
0.070382
0.121711
0.069527
0.09465
0.066093
0.074293
0.041187
0.083701
0.111304
0.088704
0.040223
0.062822
0.133272
0.072144
0.05251
0.186737
0.096835
0.09832
0.041776
0.05881
0.104216
0.083644
0.077826
0.107656
0.12049
0.050703
0.083903
0.095878
0.054138
0.038597
0.081766
0.042272
0.107833
0.169725
0.061879
0.050594
0.093852
0.084427
0.09225
0.037275
0.100833
0.076204
0.084115
0.057898
0.081749
0.120056
0.131046
0.106072
0.070291
0.061712
0.109653
0.095762
0.108014
0.0941
0.072251
0.108901
0.112886
0.085744
0.048142
0.086977
0.121623
0.043511
0.102801
0.057815
0.084388
0.138607
0.048715
0.07221
0.104291
0.075956
0.08059
0.070019
0.063057
0.063763
0.110765
0.080706
0.102414
0.112764
0.075917
0.081116
0.045347
0.121119
0.069951
0.036826
0.094031
0.069134
0.067161
0.076762
0.09235
0.084182
0.086344
0.068153
0.060487
0.080359
0.077652
0.102497
0.076333
0.084848
0.05267
0.106035
0.124437
0.056556
0.123605
0.095673
0.036031
0.09127
0.153012
0.074537
0.059162
0.048958
0.073739
0.049962
0.055709
0.174617
0.200142
0.053232
0.073471
0.100337
0.097707
0.083217
0.147482
0.102321
0.052702
0.106228
0.041726
0.093138
0.079762
0.099223
0.092849
0.087115
0.054836
0.117551
0.098502
0.153115
0.090892
0.105693
0.055679
0.036659
0.056884
0.054731
0.068961
0.092991
0.037538
0.134495
0.117207
0.05175
0.054769
0.088816
0.160553
0.045611
0.071622
0.119855
0.104976
0.104947
0.060801
0.048203
0.079831
0.072998
0.038711
0.10029
0.04417
0.079042
0.068022
0.039381
0.093972
0.147307
0.107442
0.078144
0.071101
0.088611
0.0755
0.078138
0.146636
0.087667
0.11046
0.154816
0.072505
0.061789
0.082064
0.109186
0.137297
0.113669
0.07513
0.034273
0.10243
0.076223
0.05729
0.076076
0.093278
0.09404
0.052581
0.059337
0.062963
0.065995
0.054073
0.060923
0.053472
0.074275
0.082778
0.104999
0.059468
0.088096
0.073817
0.053124
0.151571
0.094501
0.133106
0.068328
0.07268
0.181958
0.078954
0.080329
0.092017
0.113991
0.095873
0.082914
0.075749
0.088583
0.137015
0.07528
0.060759
0.051137
0.15687
0.139268
0.060805
0.076223
0.063258
0.085222
0.046891
0.08906
0.089652
0.090189
0.116442
0.133603
0.07287
0.05841
0.04682
0.056372
0.114911
0.062129
0.043099
0.093771
0.116936
0.074282
0.080687
0.0917
0.121372
0.085255
0.055963
0.073864
0.121829
0.069974
0.045963
0.057975
0.078385
0.034454
0.080121
0.074625
0.080092
0.037336
0.067806
0.11144
0.109659
0.108809
0.059634
0.066175
0.081368
0.042233
0.105331
0.096522
0.071377
0.063189
0.099892
0.06694
0.069247
0.069546
0.117019
0.106692
0.045729
0.066131
0.038078
0.063594
0.098875
0.10349
0.053236
0.050946
0.142628
0.131665
0.050912
0.119435
0.040944
0.168496
0.080031
0.131308
0.047571
0.151752
0.04928
0.094618
0.061121
0.040556
0.085684
0.188186
0.130248
0.04335
0.050331
0.06196
0.068861
0.138568
0.06151
0.051569
0.115255
0.055184
0.200666
0.078201
0.169425
0.067736
0.101115
0.089376
0.062309
0.036366
0.117752
0.05019
0.124444
0.092593
0.056243
0.052065
0.08567
0.194616
0.097955
0.054121
0.093503
0.065663
0.063278
0.086196
0.140423
0.07029
0.069151
0.038395
0.05494
0.071635
0.062377
0.128151
0.117189
0.081224
0.136576
0.118342
0.055235
0.063711
0.072241
0.052337
0.093911
0.051701
0.127152
0.138339
0.06898
0.077018
0.058839
0.1729
0.076456
0.179527
0.060614
0.119904
0.074106
0.131166
0.041725
0.107864
0.076361
0.113594
0.057423
0.051178
0.062809
0.105555
0.057424
0.056969
0.077488
0.14432
0.082352
0.050655
0.111067
0.081108
0.070818
0.109036
0.049916
0.126299
0.084112
0.083386
0.068575
0.108628
0.139674
0.069925
0.076277
0.077979
0.105748
0.122339
0.051648
0.119142
0.05795
0.056541
0.034329
0.041239
0.074244
0.069209
0.123805
0.046269
0.14342
0.038101
0.100313
0.039625
0.086999
0.060833
0.085411
0.151128
0.056264
0.045733
0.091457
0.092913
0.056609
0.129656
0.094495
0.064268
0.15911
0.076484
0.054882
0.144952
0.087597
0.094873
0.062276
0.098268
0.110722
0.034406
0.053185
0.071124
0.070535
0.124802
0.034248
0.070499
0.077646
0.10771
0.07
0.049675
0.084248
0.121085
0.090629
0.054103
0.079364
0.118171
0.095491
0.075347
0.057502
0.100564
0.058084
0.059012
0.108182
0.063676
0.09686
0.158096
0.081254
0.112951
0.066124
0.070039
0.129254
0.107829
0.065001
0.091158
0.103282
0.102453
0.092238
0.077028
0.106557
0.077384
0.081344
0.066225
0.085466
0.060278
0.08174
0.055465
0.057817
0.062769
0.113921
0.05293
0.105298
0.078494
0.070908
0.069341
0.080761
0.045276
0.084226
0.071414
0.06681
0.097187
0.064217
0.13991
0.089679
0.067942
0.05294
0.075102
0.109717
0.171267
0.087071
0.071546
0.081917
0.132201
0.069076
0.040235
0.042434
0.083143
0.055492
0.048065
0.072569
0.081021
0.113458
0.069293
0.172595
0.092012
0.138564
0.096737
0.069559
0.128529
0.068231
0.089439
0.035121
0.086119
0.122329
0.051395
0.142167
0.114567
0.055698
0.063114
0.166608
0.060396
0.041449
0.07852
0.083826
0.109808
0.074128
0.051851
0.11648
0.097062
0.062973
0.10756
0.078617
0.089368
0.223721
0.112905
0.063996
0.115589
0.212248
0.068517
0.110146
0.082975
0.057934
0.082405
0.090022
0.036613
0.108828
0.048651
0.081966
0.050791
0.110919
0.096543
0.049233
