1.457955
0.492575
0.254036
0.147443
0.301342
0.179156
0.082969
0.108892
0.173079
0.079503
0.161291
0.075458
0.070218
0.084804
0.178631
0.105253
0.147274
0.0954
0.098407
0.03778
0.069549
0.057225
0.028064
0.028622
0.036232
0.095773
0.13937
0.096121
0.04245
0.054144
0.077693
0.056389
0.215485
0.05253
0.049402
0.059778
0.061483
0.10858
0.053688
0.069942
0.069301
0.157572
0.074292
0.075922
0.02456
0.043093
0.04387
0.058164
0.029819
0.03261
0.038819
0.027114
0.036678
0.038297
0.029708
0.027056
0.027311
0.036838
0.033518
0.049405
0.060173
0.053032
0.017128
0.030208
0.025772
0.032768
0.052124
0.029699
0.037673
0.03195
0.027707
0.04543
0.026139
0.039947
0.058528
0.022104
0.033809
0.027896
0.029989
0.029472
0.02662
0.061672
0.034624
0.040656
0.028488
0.032072
0.052958
0.016165
0.03261
0.032074
0.029455
0.045301
0.036036
0.0278
0.038313
0.019439
0.025936
0.04193
0.031996
0.044209
0.034522
0.033818
0.041077
0.030644
0.039
0.024266
0.030683
0.029053
0.031527
0.018493
0.022414
0.034728
0.036566
0.048826
0.047601
0.028193
0.026762
0.035594
0.085477
0.051613
0.036715
0.028545
0.031428
0.026167
0.047344
0.037713
0.018387
0.051335
0.027797
0.023869
0.040124
0.044424
0.034065
0.055833
0.03505
0.035927
0.045363
0.03248
0.033009
0.168149
0.03682
0.026837
0.016111
0.027388
0.101299
0.21621
0.026825
0.014938
0.038707
0.129633
0.020931
0.026995
0.100472
0.022958
0.058332
0.029083
0.097372
0.03345
0.033942
0.037529
0.041507
0.018976
0.028813
0.062619
0.033357
0.038097
0.025975
0.078517
0.034384
0.079567
0.03473
0.033824
0.028875
0.02869
0.032061
0.025251
0.030128
0.021068
0.027316
0.026481
0.043413
0.026855
0.025708
0.023771
0.02868
0.019671
0.041094
0.024782
0.035533
0.031935
0.012165
0.025601
0.040438
0.034387
0.03824
0.024922
0.026683
0.028502
0.0311
0.033237
0.049715
0.022074
0.034507
0.039409
0.047237
0.01607
0.063654
0.031187
0.044963
0.03505
0.037704
0.030583
0.013118
0.034301
0.014677
0.03292
0.031491
0.038108
0.016568
0.031515
0.041654
0.028926
0.03579
0.023253
0.016977
0.023231
0.042373
0.017973
0.03471
0.04519
0.031984
0.024822
0.026623
0.037195
0.03312
0.014169
0.016862
0.033556
0.045668
0.021589
0.03782
0.030899
0.026712
0.015893
0.043152
0.030259
0.021321
0.018491
0.017866
0.030809
0.02726
0.026979
0.035317
0.026002
0.031544
0.017425
0.034341
0.040558
0.033453
0.03568
0.028674
0.020058
0.013785
0.035629
0.041956
0.025859
0.037079
0.033764
0.061106
0.028302
0.050571
0.03323
0.014046
0.039944
0.018105
0.041932
0.023773
0.0439
0.036514
0.048519
0.027745
0.028451
0.02522
0.05269
0.01066
0.031194
0.025325
0.02823
0.049204
0.063218
0.025472
0.034991
0.023837
0.044256
0.027309
0.022259
0.027897
0.023599
0.047173
0.033968
0.012573
0.029117
0.065914
0.031961
0.043361
0.028722
0.026104
0.033614
0.035402
0.049291
0.032549
0.021893
0.026643
0.049672
0.05019
0.017834
0.041971
0.033816
0.022423
0.032749
0.055713
0.073524
0.032549
0.035672
0.028579
0.022516
0.02394
0.033937
0.037727
0.027779
0.026193
0.034153
0.017052
0.039401
0.032976
0.041513
0.035464
0.027061
0.028635
0.038298
0.026418
0.020876
0.029013
0.021344
0.028867
0.026605
0.021649
0.03827
0.043789
0.030521
0.072309
0.041018
0.040241
0.025035
0.027
0.047537
0.06941
0.021301
0.022965
0.025213
0.034407
0.020536
0.043022
0.025444
0.020326
0.019298
0.064263
0.046141
0.029508
0.03827
0.025808
0.02321
0.041551
0.036179
0.042438
0.035642
0.017321
0.03194
0.031029
0.040603
0.035339
0.027226
0.024388
0.02844
0.029275
0.02637
0.017596
0.041659
0.013391
0.026334
0.020907
0.036187
0.037815
0.025569
0.048153
0.018627
0.036306
0.046649
0.038691
0.030527
0.03151
0.02627
0.048441
0.023586
0.020792
0.021966
0.034939
0.048176
0.041356
0.022607
0.021087
0.035846
0.039105
0.032064
0.021158
0.0569
0.045714
0.052321
0.077572
0.022977
0.028965
0.031644
0.021561
0.044164
0.020584
0.034253
0.036891
0.035938
0.019712
0.026826
0.044199
0.033996
0.032249
0.02889
0.049814
0.028755
0.031085
0.028583
0.039362
0.024941
0.025962
0.023596
0.028364
0.034983
0.020749
0.023079
0.029242
0.026144
0.01677
0.031413
0.0363
0.038971
0.007452
0.025328
0.049812
0.02232
0.028986
0.03349
0.026199
0.033267
0.024291
0.019887
0.019414
0.03021
0.026511
0.012496
0.019634
0.017661
0.043719
0.051317
0.016705
0.03037
0.016827
0.025937
0.023807
0.026361
0.021116
0.038676
0.020703
0.026552
0.041461
0.038178
0.026923
0.039499
0.030188
0.018948
0.017603
0.068046
0.037651
0.035634
0.047723
0.019543
0.03347
0.029703
0.022859
0.042419
0.019459
0.032199
0.01922
0.036743
0.024807
0.011645
0.036111
0.022991
0.010682
0.012459
0.049313
0.027723
0.065431
0.039811
0.071613
0.037817
0.022346
0.031979
0.03263
0.015884
0.031544
0.047367
0.024523
0.036255
0.032062
0.034118
0.024165
0.02258
0.030271
0.031154
0.026286
0.022731
0.033237
0.015176
0.040577
0.018247
0.041004
0.026055
0.035093
0.053759
0.032823
0.019974
0.037428
0.029956
0.035779
0.028739
0.032902
0.038712
0.030683
0.032142
0.021106
0.037802
0.02154
0.04774
0.051394
0.027643
0.050612
0.027415
0.030276
0.013554
0.032165
0.048808
0.024755
0.019903
0.033139
0.026966
0.031346
0.027893
0.022272
0.013634
0.04247
0.018419
0.039677
0.021068
0.028163
0.04417
0.030627
0.055181
0.032288
0.018677
0.031087
0.03586
0.024951
0.052238
0.039571
0.030925
0.038793
0.030346
0.037765
0.022079
0.091122
0.041724
0.021516
0.035955
0.010944
0.03261
0.014134
0.023836
0.030537
0.027309
0.020725
0.023264
0.028807
0.016024
0.025628
0.026323
0.038787
0.015056
0.051133
0.012913
0.021938
0.034094
0.030777
0.041275
0.032612
0.032727
0.020525
0.040469
0.02466
0.04
0.031412
0.03703
0.035884
0.029072
0.025098
0.047254
0.018303
0.031057
0.007233
0.026367
0.024564
0.023467
0.01988
0.027549
0.00984
0.015298
0.018903
0.021703
0.02401
0.023492
0.015713
0.048037
0.032443
0.040031
0.020154
0.023024
0.035341
0.024226
0.026142
0.046234
0.028813
0.018464
0.0253
0.048319
0.02478
0.027289
0.030312
0.017277
0.026171
0.024113
0.06709
0.037416
0.03886
0.027328
0.031487
0.025274
0.02284
0.025023
0.021481
0.025243
0.032299
0.035817
0.02806
0.033279
0.03677
0.024594
0.028137
0.060118
0.030342
0.026969
0.028531
0.025606
0.031718
0.021807
0.030417
0.046516
0.042261
0.026378
0.037068
0.025647
0.032132
0.05567
0.019414
0.040041
0.037682
0.023916
0.033401
0.031318
0.023681
0.032807
0.022326
0.028088
0.023644
0.034029
0.022788
0.034954
0.048967
0.031284
0.034382
0.049961
0.030419
0.034394
0.038684
0.045675
0.053464
0.03172
0.041187
0.021635
0.02782
0.026113
0.028912
0.029571
0.029144
0.032728
0.028774
0.035685
0.032348
0.016506
0.018784
0.009718
0.033416
0.019468
0.025021
0.026667
0.029415
0.019699
0.023283
0.037378
0.056282
0.024229
0.03288
0.026297
0.011821
0.020357
0.038566
0.052044
0.038558
0.031117
0.016156
0.024728
0.035913
0.068003
0.0365
0.049135
0.047394
0.064614
0.022076
0.028695
0.019385
0.025067
0.042281
0.027598
0.024531
0.026453
0.031905
0.059977
0.017069
0.030897
0.057811
0.034115
0.029729
0.028863
0.02543
0.048775
0.035186
0.044747
0.029842
0.038223
0.022322
0.016515
0.021934
0.031687
0.037968
0.023455
0.027771
0.04756
0.033511
0.028896
0.036208
0.028936
0.014546
0.021294
0.017482
0.019924
0.022924
0.027152
0.029478
0.019257
0.019041
0.035976
0.038102
0.026712
0.027189
0.029914
0.023975
0.024804
0.024064
0.037889
0.0194
0.03424
0.050565
0.034263
0.039034
0.022525
0.022344
0.030181
0.018151
0.055464
0.020026
0.026089
0.037342
0.035447
0.031532
0.024451
0.037823
0.019338
0.017865
0.033473
0.03506
0.041763
0.027437
0.029901
0.030163
0.0462
0.021261
0.05199
0.047129
0.020819
0.038402
0.014606
0.033839
0.02836
0.023145
0.030053
0.048952
0.017319
0.026717
0.026634
0.024678
0.016949
0.024777
0.03151
0.036027
0.045493
0.035104
0.027874
0.045577
0.023584
0.032275
0.030632
0.030813
0.037787
0.035058
0.025825
0.028324
0.012505
0.046882
0.040605
0.030716
0.02334
0.037059
0.019184
0.022067
0.027281
0.027187
0.02783
0.022812
0.030654
0.037332
0.027015
0.025531
0.056403
0.024404
0.049755
0.044565
0.067271
0.029097
0.022785
0.016841
0.02825
0.03909
0.026903
0.046202
0.02657
0.040308
0.030808
0.041706
0.034538
0.028055
0.039319
0.021827
0.027722
0.027455
0.034269
0.037754
0.056313
0.030409
0.036748
0.030074
0.024479
0.027283
0.036427
0.023716
0.03491
0.016916
0.033132
0.031745
0.023592
0.018091
0.021532
0.040037
0.027223
0.030563
0.026141
0.02814
0.025376
0.040072
0.024372
0.040292
0.027554
0.023059
0.034577
0.02484
0.024539
0.032279
0.030402
0.020701
0.028847
0.026406
0.035247
0.032124
0.018195
0.025866
0.026623
0.040207
0.020742
0.025858
0.034062
0.024304
0.045087
0.042942
0.026801
0.030911
0.016959
0.023697
0.017544
0.03924
0.051485
0.02899
0.040186
0.048777
0.031884
0.035722
0.02337
0.014413
0.022757
0.03187
0.021848
0.022844
0.017978
0.037237
0.022875
0.038171
0.030971
0.015278
0.031048
0.057595
0.030323
0.038636
0.032865
0.043331
0.022294
0.014344
0.033543
0.040444
0.022864
0.025631
0.033964
0.029711
0.015337
0.046044
0.025448
0.042467
0.029325
0.053066
0.026662
0.030325
0.03454
0.030543
0.010641
0.027563
0.039774
0.026733
0.032641
0.035773
0.026841
0.030612
0.026822
0.022076
0.043808
0.034839
0.032804
0.008294
0.059756
0.027749
0.022104
0.028056
0.027992
0.021013
0.04316
0.02861
0.028928
0.033117
0.029327
0.029952
0.020379
0.013967
0.02705
0.031233
0.012988
0.031723
0.021978
0.030286
0.020576
0.032824
0.025768
0.022396
0.016812
0.037361
0.016056
0.031467
0.067496
0.050969
0.030675
0.02705
0.02233
0.042138
0.014203
0.030828
0.033538
0.029565
0.028192
0.019669
0.013148
0.018401
0.016936
0.023112
0.015475
0.038375
0.020976
0.028755
0.026697
0.027825
0.033049
0.053345
0.019306
0.019469
0.026367
0.048357
0.01925
0.032089
0.013788
0.010511
0.026969
0.02647
0.040112
0.031165
0.018967
0.045435
0.037059
0.011294
0.023348
0.016456
0.022744
0.038043
0.032085
0.022335
0.024239
0.087232
0.034824
0.015761
0.051098
0.021614
0.024936
0.022612
0.036396
0.019937
0.036338
0.026877
0.026172
0.027101
0.032748
0.032253
0.047409
0.025996
0.015595
0.029359
0.032437
0.040805
0.02865
0.025922
0.03002
0.043117
0.040149
0.036007
0.03417
0.024803
0.026942
0.017625
0.024233
0.016934
0.033424
0.023492
0.024801
0.025942
0.012509
0.032174
0.041882
0.030345
0.0255
0.0496
0.024447
0.023749
0.035392
0.015758
0.040574
0.020641
0.025458
0.042495
0.025055
0.01629
0.04384
0.047497
0.028203
0.027257
0.035431
0.011321
0.026257
0.017981
0.040745
0.015873
0.040152
0.038775
0.017605
0.044342
0.028435
0.038421
0.022619
0.025994
0.042725
0.033376
0.005732
0.038044
0.025097
0.025552
0.025592
0.063739
0.015795
0.040428
0.012374
0.010491
0.032375
0.023696
0.020983
0.016191
0.009077
0.021231
0.030784
0.020448
0.019771
0.043925
0.030255
0.034681
0.031757
0.023147
0.020087
0.022042
0.041064
0.019447
0.040377
0.014558
0.067565
0.018811
0.016458
0.024222
0.024914
0.042966
0.02182
0.036169
0.030907
0.03374
0.037111
0.020837
0.031595
0.013423
0.023083
0.03035
0.033653
0.016838
0.016068
0.020203
0.039323
0.013103
0.050117
0.035325
0.033832
0.021044
0.023725
0.014204
0.02982
0.032927
0.017141
0.043254
0.034402
0.013636
0.027807
0.043726
0.033666
0.022446
0.018642
0.021713
0.012614
0.025059
0.013931
0.040051
0.025527
0.024408
0.024417
0.034187
0.048819
0.040574
0.022342
0.042593
0.012511
0.044492
0.029832
0.020177
0.027237
0.052956
0.024178
0.012837
0.03217
0.043034
0.045932
0.03249
0.021352
0.030651
0.028371
0.036266
0.02041
0.031528
0.04918
0.038414
0.028274
0.018655
0.024092
0.028628
0.026661
0.047002
0.025078
0.034078
0.052238
0.011203
0.012158
0.032844
0.007579
0.023801
0.014858
0.032561
0.026986
0.020891
0.016041
0.023372
0.027958
0.006357
0.018566
0.013071
0.027795
0.034495
0.044083
0.012575
0.020678
0.018908
0.015806
0.016682
0.032082
0.029827
0.029411
0.029889
0.031758
0.024149
0.019554
0.011627
0.04911
0.038892
0.033927
0.021018
0.015855
0.048624
0.024996
0.015092
0.022319
0.013734
0.057038
0.037195
0.025191
0.026869
0.010528
0.019516
0.027881
0.024989
0.044888
0.027533
0.044916
0.042588
0.027004
0.019691
0.022741
0.045226
0.048252
0.032261
0.021424
0.040335
0.033664
0.019825
0.037837
0.020999
0.012822
0.03138
0.023972
0.020478
0.029069
0.025745
0.024591
0.033165
0.02844
0.02255
0.028983
0.011786
0.032537
0.020609
0.02948
0.03148
0.04061
0.027028
0.049049
0.026288
0.019212
0.034768
0.030506
0.015969
0.040794
0.025224
0.01416
0.026149
0.017911
0.019232
0.011101
0.030395
0.034285
0.036241
0.014092
0.030057
0.010045
0.029601
0.023061
0.020479
0.044473
0.007812
0.038434
0.024616
0.03248
0.045875
0.029221
0.022223
0.026488
0.020547
0.04157
0.017498
0.012863
0.020427
0.028577
0.021133
0.024924
0.039358
0.02169
0.02581
0.035196
0.051254
0.021669
0.03497
0.031302
0.026177
0.018793
0.034274
0.01226
0.025964
0.022306
0.053329
0.022927
0.015157
0.016249
0.020479
0.015638
0.041513
0.019564
0.022246
0.046825
0.025509
0.024585
0.031049
0.036662
0.039546
0.025103
0.02827
0.028909
0.019567
0.033732
0.021781
0.038543
0.020757
0.031748
0.026161
0.030302
0.016268
0.009429
0.020036
0.02115
0.03196
0.03959
0.010374
0.012305
0.014128
0.02383
0.027981
0.021137
0.023985
0.047049
0.026889
0.044607
0.016408
0.017577
0.017808
0.017564
0.020146
0.017286
0.009477
0.036276
0.019858
0.029433
0.026305
0.024499
0.019886
0.010174
0.025971
0.021819
0.02005
0.017119
0.03026
0.022486
0.041564
0.015787
0.024182
0.021162
0.042088
0.017222
0.010944
0.029281
0.022104
0.017387
0.029655
0.015303
0.035503
0.024276
0.022613
0.025734
0.034985
0.016207
0.031171
0.035731
0.021883
0.02229
0.029223
0.030443
0.027388
0.016569
0.031564
0.025985
0.026331
0.03764
0.026784
0.034109
0.039673
0.022454
0.033106
0.030539
0.01699
0.020514
0.034859
0.015339
0.032847
0.016667
0.021004
0.02047
0.031931
0.012796
0.037702
0.04075
0.039953
0.01854
0.027944
0.020095
0.017518
0.027221
0.015996
0.039592
0.035241
0.03087
0.026302
0.011506
0.033041
0.008603
0.01947
0.015257
0.039085
0.021019
0.026268
0.026167
0.034742
0.027327
0.013861
0.023611
0.019515
0.036905
0.037495
0.022535
0.038449
0.01994
0.020571
0.039645
0.042814
0.035758
0.025209
0.032503
0.034392
0.01355
0.022086
0.043838
0.029262
0.035265
0.030128
0.02045
0.02703
0.027327
0.038497
0.036411
0.027396
0.027267
0.021911
0.011602
0.017821
0.035447
0.025414
0.023531
0.029487
0.032098
0.020429
0.041804
0.026781
0.01711
0.026998
0.021908
0.023792
0.035741
0.021037
0.019802
0.020624
0.01576
0.064621
0.038277
0.035998
0.051831
0.021798
0.030618
0.043727
0.021235
0.035847
0.010511
0.027636
0.027379
0.014488
0.025675
0.040275
0.046654
0.020503
0.022396
0.028953
0.039805
0.029844
0.037567
0.033396
0.017982
0.015217
0.030325
0.021711
0.02919
0.042901
0.024438
0.027176
0.026828
0.034066
0.044765
0.031685
0.03037
0.059237
0.029609
0.035907
0.020744
0.029423
0.023478
0.031884
0.037033
0.037752
0.013523
0.025884
0.024059
0.037975
0.034656
0.026435
0.015975
0.033864
0.027781
0.034557
0.029077
0.031669
0.021893
0.019986
0.055638
0.024218
0.031585
0.034416
0.023473
0.055119
0.056369
0.060036
0.028714
0.020412
0.034789
0.019577
0.021738
0.019025
0.031541
0.03087
0.02687
0.022964
0.025746
0.019857
0.019315
