123.243698
0.129467
0.408032
0.057256
0.091327
0.141585
0.084011
0.126971
0.036419
0.061563
0.035374
0.071925
0.111462
0.045376
0.07139
0.104612
0.070534
0.096506
0.096691
0.075241
0.200608
0.063408
0.164462
0.094237
0.03395
0.042053
0.086962
0.053853
0.049537
0.040069
0.180901
0.059007
0.077879
0.056748
0.023068
0.087743
0.028029
0.061129
0.037106
0.078984
0.024209
0.030088
0.033292
0.02513
0.025532
0.022895
0.053594
0.050512
0.036274
0.028476
0.02952
0.039956
0.04318
0.049041
0.019047
0.042679
0.034273
0.033149
0.018223
0.044643
0.033582
0.029126
0.14074
0.030521
0.040227
0.033158
0.055659
0.023916
0.026234
0.030557
0.013234
0.03096
0.077142
0.012516
0.024621
0.01364
0.013042
0.011783
0.025462
0.018605
0.011528
0.011601
0.012943
0.021037
0.024244
0.014697
0.024478
0.019287
0.008914
0.031196
4.395593
0.021098
0.024184
0.024208
0.020181
0.021176
0.046048
0.012382
0.041717
0.032284
0.010613
0.033607
0.013898
0.025737
0.017966
0.015808
0.01266
0.011493
0.017633
0.02038
0.02304
0.021025
0.01237
0.011557
0.022554
0.034348
0.044535
0.02184
0.024623
0.013003
0.019768
0.025097
0.022054
0.014256
0.012734
0.015336
0.023665
0.030534
0.056097
0.010011
0.013458
0.008848
0.008743
0.006216
0.015896
0.006941
0.012058
0.021786
0.018996
0.017108
0.009636
0.008796
0.008281
0.007408
0.011642
0.008968
0.007024
0.018979
0.008695
0.017822
0.010843
0.020641
0.236606
0.063435
0.006547
0.021062
0.008097
0.007576
0.007883
0.015828
0.00788
0.007426
0.017685
0.014794
0.009243
0.007853
0.009441
0.007863
0.016698
0.014988
0.013301
0.009597
0.010781
0.010673
0.018402
0.007362
0.016543
0.016147
0.020494
0.007406
0.007055
0.015518
0.015696
0.021669
0.019044
0.007948
0.009413
0.019679
0.007058
0.016965
0.019154
0.018234
0.008958
0.016052
0.008669
0.007802
0.019829
0.015389
0.006496
0.009498
0.009741
0.020461
0.01539
0.012155
0.008409
0.006716
0.017716
0.023545
0.016819
0.013096
0.016746
0.007897
0.00919
0.006398
0.007292
0.007956
0.007747
0.018381
0.02754
0.022663
0.016284
0.006724
0.016695
0.006325
0.008013
0.014711
0.006425
0.015915
0.009364
0.00868
0.009946
0.02016
0.008563
0.01829
0.010709
0.010512
0.006921
0.017281
0.032929
0.008238
0.011025
0.021591
0.011975
0.009043
0.020376
0.026574
0.015513
0.023913
0.008626
0.0196
0.009348
0.007527
0.009842
0.017468
0.010419
0.009239
0.012415
0.009254
0.017574
0.040917
0.045755
0.007224
0.017615
0.008033
0.020543
0.008519
0.02023
0.00677
0.023797
0.007725
0.020073
0.015946
0.020102
0.018066
0.009599
0.017717
0.02754
0.008994
0.012247
0.010306
0.00935
0.018827
0.016938
0.030704
0.018546
0.012231
0.008817
0.009538
0.019075
0.010979
0.01044
0.010976
0.023648
0.025942
0.008691
0.009781
0.019355
0.00749
0.008909
0.012698
0.016035
0.020528
0.006304
0.00828
0.008172
0.01769
0.008356
0.00677
0.017425
0.010694
0.0096
0.016391
0.017095
0.008125
0.00809
0.007498
0.008495
0.00967
0.027351
0.007646
0.008233
0.022651
0.00768
0.006936
0.008056
0.00825
0.017743
0.008745
0.017057
0.01678
0.008099
0.019771
0.010408
0.009494
0.016148
0.009413
0.007567
0.007535
0.009092
0.016936
0.009337
0.009215
0.015908
0.008684
0.019983
0.015
0.007443
0.009079
0.006154
0.006878
0.02341
0.007768
0.020973
0.013783
0.010992
0.018663
0.007768
0.009703
0.007731
0.018265
0.007882
0.011745
0.018408
0.009319
0.01122
0.023438
0.007874
0.021705
0.008938
0.017746
0.013628
0.019728
0.023475
0.014769
0.006924
0.02087
0.023037
0.007683
0.02095
0.010848
0.037015
0.0086
0.012621
0.024718
0.010491
0.019598
0.021121
0.020099
0.021113
0.019067
0.019167
0.006759
0.009474
0.025661
0.01786
0.007402
0.00691
0.007727
0.017323
0.020582
0.017016
0.011102
0.017444
0.021958
0.024845
0.021472
0.006678
0.016745
0.0185
0.017344
0.007776
0.008894
0.010273
0.00799
0.015787
0.024646
0.016063
0.02389
0.009184
0.019844
0.017549
0.008631
0.007916
0.032216
0.007989
0.007796
0.028242
0.016557
0.018595
0.011125
0.00825
0.010836
0.011635
0.018259
0.008568
0.007367
0.027151
0.008418
0.047144
0.00789
0.019546
0.007677
0.007842
0.019589
0.007087
0.019918
0.021074
0.006167
0.009305
0.008555
0.018031
0.007112
0.008112
0.018777
0.009682
0.007909
0.017517
0.031636
0.066576
0.016391
0.036344
0.006833
0.007039
0.034134
0.024407
0.014123
0.018442
0.007266
0.008595
0.018866
0.008208
0.04515
0.022467
0.021882
0.009406
0.008224
0.012033
0.007557
0.008589
0.02197
0.008967
0.016717
0.006353
0.017444
0.017143
0.008071
0.020031
0.008539
0.023411
0.033027
0.020255
0.021615
0.008501
0.007303
0.00808
0.03223
0.066004
0.011123
0.011533
0.011944
0.005031
0.005148
0.005013
0.007203
0.004823
0.006328
0.006376
0.005108
0.011092
0.004543
0.006294
0.012771
0.008968
0.012016
0.005497
0.005851
0.011303
0.010232
0.011536
0.011684
0.013957
0.006354
0.006638
0.017815
0.00634
0.011333
0.013583
0.012005
0.011969
0.006477
0.005375
0.013711
0.012613
0.012699
0.004728
0.009459
0.012157
0.012884
0.006773
0.011543
0.005733
0.006267
0.010659
0.012506
0.011579
0.010533
0.005613
0.013078
0.006116
0.011201
0.012229
0.005822
0.005559
0.005534
0.006326
0.007136
0.009098
0.018161
0.016059
0.006059
0.006003
0.011003
0.012717
0.005641
0.012046
0.005764
0.00478
0.010688
0.005685
0.005188
0.00524
0.011799
0.012329
0.011171
0.005121
0.011156
0.011014
0.070811
0.043912
0.006898
0.005957
0.007021
0.011929
0.005354
0.005734
0.011147
0.00662
0.006229
0.005843
0.005957
0.012889
0.013249
0.005134
0.012943
0.011017
0.006358
0.01138
0.005679
0.012653
0.012399
0.011754
0.012095
0.011092
0.004322
0.005141
0.01082
0.005171
0.00894
0.011124
0.01054
0.007288
0.011376
0.006094
0.005043
0.023265
0.008751
0.021856
0.005567
0.005421
0.006729
0.013579
0.00496
0.007405
0.005101
0.004859
0.005905
0.007049
0.005337
0.006003
0.005556
0.006902
0.007124
0.006295
0.006615
0.005725
0.006395
0.006772
0.006341
0.004657
0.006328
0.008096
0.005641
0.006866
0.005485
0.006724
0.004867
0.007337
0.004781
0.006297
0.006728
0.010663
0.007689
0.008103
0.007978
0.007461
0.006192
0.007589
0.006257
0.005714
0.006094
0.004749
0.006067
0.006522
0.007981
0.00661
0.004976
0.005144
0.00598
0.00697
0.006623
0.006247
0.006919
0.004325
0.005906
0.006046
0.018941
0.041854
0.006514
0.006148
0.009094
0.006149
0.005285
0.005505
0.005436
0.005255
0.008349
0.006446
0.007548
0.006674
0.006587
0.006698
0.006518
0.006208
0.005395
0.006238
0.005121
0.006422
0.006749
0.005937
0.006363
0.005633
0.008027
0.005398
0.007096
0.007266
0.005425
0.006745
0.00456
0.006014
0.004873
0.005667
0.006108
0.00657
0.006673
0.006721
0.005058
0.006634
0.006234
0.0057
0.006351
0.008102
0.005764
0.005705
0.005171
0.006218
0.006073
0.010124
0.005068
0.006364
0.005746
0.006528
0.005993
0.004524
0.006497
0.005551
0.011601
0.012687
0.006525
0.006157
0.007591
0.005271
0.005842
0.004985
0.005839
0.00689
0.006619
0.005872
0.006307
0.0066
0.004176
0.006374
0.006196
0.007441
0.006709
0.004931
0.007416
0.005759
0.005751
0.006141
0.006912
0.007389
0.00482
0.007754
0.007551
0.020223
0.032564
0.004133
0.006773
0.008239
0.010284
0.00733
0.006693
0.004945
0.006887
0.005646
0.006171
0.008055
0.008925
0.007232
0.006997
0.006159
0.006109
0.005552
0.005165
0.006775
0.006574
0.007056
0.005718
0.005131
0.005908
0.005673
0.006267
0.007138
0.005919
0.005105
0.005812
0.007777
0.005988
0.006337
0.004675
0.006578
0.005347
0.007331
0.005309
0.005702
0.005595
0.004515
0.005264
0.006971
0.010527
0.00538
0.005581
0.008059
0.005424
0.00547
0.006681
0.005721
0.005603
0.006616
0.005344
0.00603
0.007142
0.007165
0.007626
0.00558
0.006624
0.007598
0.007741
0.004375
0.005001
0.005821
0.005465
0.007349
0.005972
0.006129
0.008167
0.006143
0.007427
0.005646
0.005766
0.005429
0.005847
0.006685
0.009455
0.006988
0.005897
0.00602
0.004742
0.007224
0.004417
0.006012
0.006117
0.006916
0.004246
0.005495
0.005161
0.005604
0.005475
0.007481
0.008589
0.004894
0.010779
0.004123
0.005113
0.005292
0.005971
0.005392
0.004799
0.006336
0.004436
0.006182
0.006885
0.005393
0.00694
0.005554
0.005484
0.022581
0.007676
0.029607
0.005308
0.005051
0.004869
0.005269
0.006756
0.007732
0.005351
0.004117
0.006884
0.005202
0.005297
0.005212
0.004371
0.005577
0.007052
0.00715
0.008435
0.004955
0.007596
0.006265
0.006613
0.006261
0.007402
0.005312
0.005655
0.005204
0.004939
0.007497
0.004221
0.004856
0.004259
0.004236
0.005785
0.005086
0.004544
0.009851
0.007222
0.005226
0.005932
0.007202
0.005043
0.004701
0.005394
0.004861
0.005235
0.004351
0.006749
0.005306
0.007124
0.005014
0.006231
0.004948
0.005619
0.007353
0.006652
0.007213
0.006006
0.006719
0.006485
0.004492
0.007567
0.005646
0.006974
0.00617
0.004253
0.005202
0.003862
0.006831
0.010617
0.007486
0.008873
0.007637
0.00945
0.008156
0.006806
0.00831
0.004987
0.007122
0.006104
0.005488
0.005854
0.006153
0.006222
0.005398
0.006106
0.006134
0.004012
0.004997
0.00379
0.005031
0.006681
0.007093
0.006483
0.004861
0.005335
0.005501
0.005083
0.004952
0.006489
0.007754
0.005057
0.00633
0.006356
0.006388
0.007146
0.006629
0.004003
0.005085
0.004756
0.003922
0.004817
0.006074
0.00494
0.004082
0.007028
0.004824
0.007384
0.003796
0.006975
0.006268
0.006375
0.004832
0.006209
0.005687
0.004318
0.004223
0.005641
0.005796
0.004895
0.005152
0.010964
0.010792
0.006409
0.008689
0.011225
0.006361
0.006798
0.006155
0.007399
0.005522
0.007027
0.006941
0.005493
0.006448
0.005576
0.008198
0.004749
0.007558
0.00641
0.008132
0.006173
0.005719
0.005905
0.005788
0.006559
0.004779
0.006456
0.004477
0.005978
0.005671
0.004129
0.006418
0.0067
0.003863
0.005909
0.007646
0.006414
0.005338
0.011272
0.006458
0.005758
0.004122
0.005836
0.006466
0.00633
0.004463
0.007191
0.005378
0.005228
0.005465
0.004591
0.006912
0.008065
0.006031
0.006753
0.005953
0.004433
0.004927
0.006747
0.010375
0.006082
0.004712
0.0041
0.004488
0.00486
0.005308
0.004588
0.006789
0.005127
0.006122
0.005927
0.006557
0.005296
0.004327
0.008504
0.007305
0.005711
0.004911
0.006419
0.006384
0.006467
0.005644
0.006101
0.005001
0.00654
0.004578
0.005438
0.005875
0.003851
0.004116
0.006685
0.00655
0.008709
0.005749
0.006804
0.005881
0.006495
0.004419
0.006079
0.004451
0.005014
0.005658
0.004312
0.004014
0.004717
0.005252
0.007574
0.006346
0.005717
0.004398
0.005312
0.007728
0.006491
0.004826
0.004805
0.008512
0.009509
0.007767
0.005068
0.004571
0.006134
0.005983
0.008749
0.007174
0.003912
0.005913
0.005421
0.004943
0.005518
0.007417
0.005874
0.007698
0.004451
0.005472
0.006581
0.006475
0.00562
0.006713
0.005241
0.006666
0.006715
0.00413
0.006798
0.005544
0.005381
0.00732
0.007201
0.006164
0.006618
0.004124
0.00564
0.005436
0.00562
0.004925
0.005428
0.006517
0.005952
0.006296
0.006484
0.00445
0.005666
0.004572
0.004192
0.007975
0.005797
0.005403
0.004861
0.005893
0.006032
0.006705
0.00721
0.006524
0.006072
0.005251
0.006986
0.004802
0.008272
0.005631
0.007338
0.005723
0.012011
0.005705
0.006695
0.006338
0.007157
0.006855
0.007161
0.005106
0.00534
0.004582
0.005949
0.011635
0.00443
0.004174
0.005854
0.005067
0.007131
0.004831
0.00452
0.006774
0.005643
0.00585
0.006112
0.005271
0.004752
0.005174
0.00622
0.006481
0.005551
0.022881
0.022075
0.003564
0.006149
0.004726
0.005273
0.004771
0.005985
0.006573
0.005407
0.005034
0.003945
0.005379
0.00458
0.003951
0.005376
0.003882
0.004546
0.004076
0.003239
0.005104
0.005588
0.004718
0.004921
0.004257
0.005328
0.005094
0.003503
0.005247
0.004444
0.004177
0.004204
0.004829
0.004797
0.003792
0.004716
0.005317
0.005036
0.003967
0.004083
0.004764
0.004917
0.005011
0.005995
0.005557
0.006387
0.0032
0.004325
0.005337
0.004619
0.006032
0.004252
0.004339
0.006728
0.004979
0.003602
0.006441
0.005925
0.003498
0.006002
0.004978
0.004819
0.005698
0.006965
0.004486
0.005444
0.004124
0.007308
0.004797
0.004603
0.005664
0.004736
0.004159
0.005085
0.004428
0.007061
0.004343
0.005534
0.004591
0.007546
0.003895
0.005279
0.004951
0.006568
0.004026
0.004143
0.007685
0.005614
0.00634
0.005171
0.005645
0.004448
0.004589
0.00574
0.003545
0.005467
0.004942
0.004355
0.004243
0.005747
0.003587
0.009134
0.009523
0.007716
0.003769
0.003443
0.003717
0.004561
0.006836
0.004355
0.004517
0.003341
0.005166
0.005751
0.005402
0.005453
0.003056
0.003728
0.003403
0.004804
0.004087
0.003929
0.005577
0.00775
0.004365
0.004608
0.003627
0.004278
0.004649
0.006264
0.00541
0.005931
0.003228
0.005916
0.004011
0.002938
0.005416
0.00449
0.005435
0.004773
0.004853
0.004408
0.003485
0.005676
0.005184
0.005801
0.004944
0.003918
0.005441
0.004671
0.005173
0.003931
0.004831
0.003545
0.005814
0.005443
0.006752
0.009231
0.003692
0.006934
0.008853
0.006272
0.004261
0.004675
0.006406
0.005323
0.004024
0.00406
0.00617
0.006289
0.009239
0.004045
0.006192
0.00384
0.00549
0.006747
0.006099
0.003726
0.007471
0.004037
0.005338
0.003859
0.005548
0.005869
0.004911
0.005842
0.004147
0.004527
0.007277
0.020398
0.004915
0.005036
0.006137
0.004454
0.004698
0.005985
0.014722
0.004957
0.002735
0.005752
0.003379
0.00367
0.003228
0.003845
0.002609
0.002598
0.002935
0.003072
0.002837
0.002593
0.003711
0.003009
0.004827
0.006355
0.002434
0.002837
0.004751
0.003001
0.004223
0.007166
0.005245
0.003933
0.00434
0.005164
0.002865
0.004111
0.004357
0.004086
0.003691
0.003929
0.002746
0.003083
0.003103
0.002958
0.004707
0.003187
0.003655
0.003779
0.005107
0.003568
0.002717
0.002776
0.004212
0.004176
0.002458
0.003616
0.003916
0.004399
0.0038
0.004889
0.003324
0.004317
0.003547
0.00386
0.004052
0.00483
0.003279
0.003735
0.003336
0.002415
0.004819
0.004839
0.003689
0.004994
0.003355
0.004969
0.004475
0.003388
0.003687
0.002527
0.005369
0.00399
0.002393
0.00416
0.004909
0.005172
0.003621
0.002335
0.005232
0.004108
0.005337
0.003529
0.003454
0.003656
0.004134
0.002509
0.003779
0.004686
0.003598
0.003772
0.003507
0.004217
0.004876
0.004049
0.003651
0.004648
0.003219
0.00444
0.005199
0.004594
0.004472
0.00271
0.003865
0.004487
0.003391
0.002631
0.004336
0.00441
0.004526
0.002373
0.007666
0.004309
0.004798
0.003384
0.004031
0.005147
0.002392
0.003604
0.002988
0.002508
0.0046
0.003358
0.002789
0.003389
0.002847
0.003367
0.005115
0.00428
0.005105
0.003004
0.003235
0.002934
0.003211
0.003137
0.005892
0.004729
0.002674
0.005417
0.005092
0.005704
0.003618
0.003564
0.002796
0.004203
0.003427
0.003428
0.003921
0.002896
0.002271
0.00292
0.004639
0.003922
0.005577
0.003101
0.005379
0.003424
0.003739
0.002297
0.002463
0.004622
0.003125
0.002934
0.003904
0.003188
0.005128
0.003683
0.006232
0.004235
0.003543
0.004044
0.00337
0.005204
0.003056
0.004972
0.003372
0.003498
0.005503
0.003517
0.003685
0.003737
0.003275
0.004769
0.004642
0.002365
0.003257
0.003388
0.004006
0.003057
0.004098
0.005042
0.004442
0.005311
0.003159
0.003627
0.002761
0.004908
0.004435
0.003294
0.003815
0.003021
0.005067
0.003102
0.00425
0.003688
0.004971
0.003175
0.002944
0.00428
0.004179
0.003579
0.004893
0.004122
0.003562
0.003564
0.002322
0.004487
0.004408
0.004501
0.003479
0.005857
0.004724
0.004324
0.003904
0.003902
0.005395
0.005921
0.005191
0.003672
0.004129
0.003364
0.002821
0.004655
0.002274
0.003328
0.00471
0.002722
0.003975
0.003754
0.003143
0.004749
0.003626
0.002955
0.002638
0.003314
0.003455
0.00502
