81.5259
3.004572
0.558671
0.579329
0.228455
0.828751
0.859251
0.584964
0.29977
0.196621
0.061975
0.755753
0.335184
0.113475
0.087974
0.246384
0.069433
0.055772
0.095674
0.044484
0.075507
0.156831
0.069727
0.112475
0.145537
0.14116
4.849258
0.080694
0.110246
0.085797
0.142128
0.116211
0.061366
0.173565
0.120525
0.119278
0.13063
0.033481
0.100295
0.029579
0.177991
0.127691
0.106041
0.077192
0.067758
0.11716
0.103157
0.202546
0.104805
0.108027
0.048577
0.085054
0.113301
0.13291
0.056112
0.079797
0.066194
0.065017
0.039541
0.022514
0.027761
0.048332
0.044313
0.042343
0.024056
0.050502
0.038827
0.043476
0.090236
0.056676
0.047445
0.036594
0.056853
0.081605
0.062399
0.036403
0.046989
0.036738
0.037838
0.018529
0.054068
0.020102
0.02217
0.056284
0.071298
0.054776
0.032989
0.019033
0.04795
0.047589
0.045108
0.054544
0.04165
0.037743
0.049977
0.029028
0.081653
0.055994
0.06188
0.064619
0.093546
0.070968
0.032
0.103702
0.038679
0.045781
0.068749
0.042135
0.024137
0.045433
0.030363
0.038194
0.084799
0.076487
0.059714
0.040847
0.072016
0.095507
0.04373
0.051596
0.071969
0.030157
0.029604
0.039191
0.039943
0.026301
0.022857
0.043688
0.041282
0.045988
0.036693
0.019137
0.034262
0.094342
0.034015
0.03278
0.026671
0.032369
0.026116
0.040591
0.043758
0.023157
0.04466
0.029527
0.044911
0.029035
0.056448
0.031881
0.055966
0.02113
0.021229
0.042761
0.03161
0.042488
0.03514
0.044317
0.042702
0.069994
0.019043
0.036705
0.034967
0.025413
0.037348
0.013989
0.030125
0.030239
0.028718
0.013988
0.047186
0.057648
0.049507
0.03323
0.040176
0.035555
0.040632
0.05854
0.031219
0.019307
0.03193
0.037806
0.01706
0.044937
0.049566
0.069475
0.03356
0.035792
0.017478
0.055022
0.045712
0.053031
0.027354
0.059729
0.033493
0.040502
0.035467
0.024499
0.050278
0.06523
0.040935
0.025791
0.056195
0.026949
0.044425
0.01463
0.113429
0.044726
0.031509
0.043873
0.052839
0.043404
0.031284
0.042097
0.04188
0.043471
0.030263
0.05843
0.052929
0.034234
0.04137
0.055693
0.024741
0.020976
0.052691
0.03125
0.026789
0.025482
0.064389
0.036254
0.043196
0.039306
0.053294
0.039568
0.045025
0.038121
0.039533
0.067044
0.029966
0.038039
0.037245
0.044273
0.053584
0.04489
0.063788
0.069569
0.0242
0.067497
0.0332
0.033996
0.019339
0.037649
0.03122
0.027483
0.067943
0.047538
0.065115
0.048883
0.033755
0.029216
0.047921
0.038351
0.050443
0.039515
0.032057
0.04182
0.046456
0.01509
0.073845
0.043727
0.057997
0.014389
0.030175
0.037383
0.028052
0.058228
0.029284
0.036758
0.01628
0.044456
0.04181
0.028794
0.054471
0.040601
0.055585
0.038942
0.035563
0.049785
0.034868
0.023124
0.04464
0.034313
0.041788
0.026067
0.042706
0.039229
0.054095
0.024104
0.027154
0.058098
0.036243
0.050589
0.031101
0.047658
0.048946
0.033119
0.044413
0.055258
0.05233
0.030456
0.039503
0.027488
0.046001
0.039865
0.035482
0.062512
0.049181
0.046966
0.037042
0.0439
0.030134
0.081562
0.036825
0.053569
0.029197
0.044231
0.04971
0.026636
0.021107
0.040729
0.041333
0.031648
0.019036
0.056917
0.040718
0.024726
0.034981
0.043901
0.028109
0.031721
0.054005
0.040635
0.039407
0.048532
0.04332
0.04265
0.029759
0.0308
0.031638
0.06201
0.040647
0.052132
0.025171
0.064247
0.059408
0.055975
0.037981
0.067047
0.037522
0.039045
0.034493
0.048363
0.037417
0.031092
0.059146
0.032634
0.028294
0.044103
0.032264
0.053729
0.020927
0.064962
0.030594
0.052071
0.059803
0.05426
0.03507
0.105991
0.02405
0.048088
0.046435
0.036468
0.043097
0.033943
0.023934
0.050374
0.068031
0.037884
0.029087
0.078323
0.035227
0.035204
0.037247
0.02282
0.042683
0.046446
0.015292
0.013887
0.044499
0.020298
0.047211
0.073373
0.050284
0.018712
0.039597
0.040054
0.044434
0.033701
0.037691
0.014066
0.076239
0.019477
0.031017
0.041517
0.077812
0.036794
0.034846
0.041573
0.045459
0.039666
0.028253
0.053064
0.040766
0.036422
0.029129
0.049694
0.021279
0.042207
0.039898
0.040392
0.045966
0.010759
0.051496
0.057099
0.040919
0.044954
0.034554
0.031288
0.072051
0.022062
0.031809
0.029049
0.041218
0.028061
0.041437
0.017513
0.019468
0.047991
0.044854
0.016345
0.046674
0.061466
0.027032
0.016233
0.023579
0.047785
0.041908
0.039978
0.036224
0.043877
0.037887
0.039252
0.038814
0.020475
0.016508
0.036601
0.034812
0.017125
0.033804
0.039846
0.024986
0.044699
0.022171
0.017919
0.057471
0.026705
0.031514
0.041702
0.04462
0.021808
0.037596
0.041572
0.049374
0.041113
0.048933
0.020441
0.029371
0.03739
0.021921
0.046065
0.043735
0.053243
0.05124
0.027196
0.044309
0.039972
0.035092
0.051194
0.051096
0.023791
0.025163
0.047904
0.033546
0.013212
0.0258
0.030034
0.039148
0.034067
0.020483
0.037723
0.04763
0.077407
0.044617
0.034644
0.057294
0.055375
0.034965
0.024708
0.030826
0.022405
0.048146
0.049537
0.044728
0.021606
0.03217
0.04495
0.060091
0.051848
0.019438
0.028025
0.033192
0.036076
0.036924
0.0386
0.033493
0.030666
0.019893
0.054674
0.029562
0.052447
0.035468
0.056339
0.039751
0.032558
0.032917
0.015173
0.019601
0.027389
0.044877
0.023956
0.045121
0.061198
0.050488
0.011988
0.062905
0.018686
0.049679
0.03643
0.047915
0.059809
0.080551
0.068188
0.043789
0.083012
0.030105
0.047823
0.056063
0.026329
0.042399
0.038676
0.014012
0.031347
0.036673
0.06873
0.043052
0.071305
0.038703
0.024748
0.042692
0.028234
0.050435
0.049394
0.033758
0.014226
0.043557
0.022879
0.049242
0.040148
0.041369
0.040001
0.029274
0.021196
0.04199
0.019339
0.018246
0.037693
0.055254
0.039571
0.033844
0.074417
0.055003
0.033284
0.042314
0.035629
0.024289
0.022725
0.025117
0.014643
0.030725
0.043681
0.018306
0.036899
0.033639
0.042702
0.030954
0.017326
0.010082
0.048136
0.045173
0.018479
0.023132
0.028398
0.04584
0.044417
0.03348
0.040954
0.015901
0.036248
0.02908
0.034328
0.030869
0.048859
0.0426
0.025004
0.060543
0.052233
0.022551
0.031442
0.037618
0.027423
0.064485
0.035551
0.049286
0.027394
0.049962
0.041965
0.036844
0.061639
0.035854
0.01737
0.04594
0.040946
0.037764
0.031921
0.062988
0.028811
0.036472
0.050193
0.03266
0.01819
0.047949
0.021508
0.043098
0.063029
0.033592
0.018613
0.035831
0.034068
0.043303
0.025115
0.037526
0.029029
0.038323
0.028624
0.029657
0.037302
0.047494
0.016186
0.052099
0.015918
0.046562
0.029532
0.041692
0.027266
0.032669
0.060941
0.043261
0.034773
0.021141
0.026324
0.038119
0.033971
0.043283
0.067496
0.013306
0.025768
0.024182
0.032904
0.034927
0.013645
0.025448
0.052077
0.040411
0.029433
0.02402
0.021238
0.046789
0.057867
0.025848
0.029317
0.050987
0.020706
0.061279
0.035452
0.036277
0.024719
0.066606
0.047277
0.020898
0.041524
0.038417
0.031629
0.052862
0.031929
0.036358
0.029862
0.032243
0.036212
0.030118
0.023441
0.06059
0.037231
0.042694
0.044181
0.028949
0.035508
0.057434
0.032093
0.022195
0.03828
0.015359
0.013289
0.031797
0.064322
0.046859
0.05757
0.039219
0.033963
0.038465
0.045116
0.028513
0.029655
0.03747
0.064266
0.032535
0.031753
0.042692
0.032337
0.019607
0.029611
0.034997
0.02779
0.072086
0.040829
0.030298
0.024633
0.054472
0.052007
0.034588
0.030532
0.037498
0.044399
0.039613
0.024607
0.054098
0.04942
0.020559
0.029117
0.050541
0.024072
0.021513
0.027754
0.045996
0.046366
0.039204
0.048318
0.038656
0.028898
0.05133
0.047399
0.03539
0.038379
0.029762
0.050932
0.051096
0.032839
0.031678
0.041537
0.034122
0.02151
0.045401
0.057226
0.032892
0.036556
0.03573
0.021333
0.035661
0.032156
0.060729
0.023514
0.051805
0.02617
0.026434
0.044761
0.029278
0.043413
0.041416
0.024588
0.027743
0.019818
0.041038
0.038799
0.032296
0.02366
0.021231
0.031652
0.038016
0.018653
0.02989
0.052062
0.042824
0.034301
0.03601
0.035468
0.021327
0.037052
0.053307
0.035451
0.050751
0.015028
0.051662
0.037201
0.044068
0.02153
0.035456
0.033827
0.034092
0.027637
0.039642
0.037533
0.047525
0.040314
0.050091
0.037587
0.033648
0.02701
0.034027
0.047529
0.025601
0.016634
0.030791
0.03683
0.0433
0.02665
0.040213
0.047484
0.035177
0.036989
0.066574
0.037299
0.041384
0.020931
0.059328
0.022171
0.037355
0.011602
0.040601
0.041615
0.02962
0.040847
0.035436
0.032901
0.0566
0.03717
0.038554
0.033259
0.025498
0.025516
0.076706
0.030243
0.04131
0.045046
0.069211
0.055785
0.047404
0.049696
0.044795
0.037717
0.044342
0.053456
0.058603
0.020325
0.042114
0.032977
0.038364
0.037327
0.041191
0.055752
0.04566
0.033503
0.033535
0.025723
0.028397
0.049466
0.045904
0.037763
0.037724
0.03621
0.057042
0.037647
0.032673
0.054538
0.020439
0.024943
0.041804
0.021736
0.051131
0.041516
0.037117
0.069303
0.047432
0.072588
0.03261
0.030307
0.023072
0.040955
0.026689
0.0694
0.042983
0.028501
0.032684
0.043597
0.034171
0.024289
0.025537
0.022202
0.040439
0.031023
0.047798
0.064454
0.028996
0.01507
0.039491
0.043834
0.030166
0.044213
0.030926
0.059008
0.035301
0.041487
0.038717
0.03297
0.038027
0.029684
0.038928
0.026838
0.048866
0.029158
0.059265
0.032039
0.051323
0.058173
0.032189
0.055949
0.033391
0.026394
0.043328
0.039331
0.05224
0.033171
0.033489
0.028238
0.029367
0.032926
0.030533
0.059705
0.056576
0.056481
0.059392
0.009003
0.060083
0.055049
0.060431
0.028708
0.027387
0.035223
0.034865
0.028168
0.04664
0.019583
0.019511
0.017023
0.03107
0.058719
0.024717
0.022177
0.046837
0.044147
0.019605
0.023603
0.031549
0.051802
0.03966
0.029358
0.01792
0.036146
0.044755
0.034026
0.035469
0.040207
0.041819
0.029978
0.04885
0.037512
0.028893
0.056404
0.035211
0.031993
0.048025
0.041703
0.039671
0.013587
0.054224
0.041924
0.021157
0.030606
0.037998
0.021615
0.06369
0.020859
0.024293
0.053602
0.03592
0.039133
0.037748
0.036575
0.026735
0.044694
0.033588
0.065516
0.017449
0.03271
0.03725
0.047044
0.037443
0.029466
0.036719
0.040887
0.037638
0.023047
0.023134
0.023776
0.015617
0.051311
0.066276
0.036596
0.045426
0.024101
0.041452
0.038843
0.030015
0.060889
0.054269
0.060756
0.052098
0.017609
0.016775
0.026244
0.02822
0.032288
0.027752
0.080699
0.036827
0.047927
0.04884
0.047419
0.035838
0.053488
0.036672
0.050329
0.045967
0.055387
0.03795
0.044194
0.015904
0.050361
0.040964
0.038899
0.05144
0.053582
0.045018
0.049369
0.045538
0.03852
0.047595
0.031082
0.038033
0.057461
0.029951
0.051656
0.060738
0.021342
0.053178
0.039474
0.034804
0.039035
0.032347
0.016838
0.032809
0.042447
0.052985
0.04753
0.025637
0.035183
0.056808
0.035858
0.052827
0.040607
0.037305
0.017231
0.033831
0.030501
0.021103
0.034213
0.024725
0.068433
0.067898
0.037569
0.033026
0.035406
0.037935
0.046912
0.026572
0.022172
0.041125
0.050799
0.037947
0.047335
0.042774
0.044662
0.015085
0.037317
0.036703
0.041817
0.034998
0.030962
0.046973
0.063662
0.049913
0.023076
0.022769
0.043924
0.019058
0.031204
0.044841
0.030726
0.057092
0.019105
0.019132
0.048834
0.025129
0.02156
0.037015
0.038667
0.045733
0.0218
0.037268
0.028938
0.040778
0.046856
0.019371
0.015547
0.036462
0.063499
0.044458
0.032931
0.030266
0.059124
0.031186
0.026222
0.03312
0.03925
0.034455
0.035612
0.053669
0.040912
0.05976
0.046442
0.044951
0.038258
0.03152
0.05456
0.03066
0.03921
0.027561
0.036595
0.043177
0.032661
0.061009
0.039137
0.036962
0.044234
0.052411
0.043135
0.038143
0.016712
0.051825
0.029618
0.048541
0.023885
0.044326
0.039561
0.035893
0.035289
0.038238
0.03664
0.04346
0.032748
0.01344
0.025103
0.055658
0.036717
0.044096
0.042784
0.027308
0.040658
0.032861
0.032351
0.040852
0.025887
0.027973
0.023825
0.01779
0.0207
0.036211
0.022852
0.025753
0.042827
0.042258
0.019073
0.036398
0.062906
0.028871
0.028039
0.052551
0.053986
0.035833
0.017319
0.049515
0.049809
0.054019
0.044709
0.040588
0.027563
0.025588
0.041881
0.02201
0.034448
0.019556
0.019134
0.008869
0.039687
0.045498
0.025603
0.036999
0.039982
0.02266
0.030753
0.042721
0.045943
0.0291
0.043463
0.034954
0.038358
0.017026
0.043336
0.027762
0.049207
0.019604
0.02718
0.054892
0.037009
0.058254
0.022929
0.062442
0.048515
0.026739
0.063014
0.057412
0.051983
0.026886
0.053379
0.038181
0.022981
0.035771
0.032519
0.035596
0.02383
0.02682
0.019375
0.024837
0.061931
0.045753
0.046474
0.026183
0.028437
0.029379
0.013217
0.022588
0.01949
0.033295
0.053035
0.041997
0.038606
0.029112
0.062535
0.007735
0.049
0.045534
0.047102
0.04901
0.032965
0.053804
0.041018
0.047604
0.037633
0.059176
0.046848
0.0602
0.042897
0.033749
0.035876
0.053554
0.070746
0.046528
0.028354
0.021177
0.031882
0.038985
0.020974
0.014226
0.032898
0.04922
0.035606
0.029604
0.041694
0.045897
0.025041
0.019829
0.03183
0.044342
0.029621
0.039127
0.049772
0.028309
0.033183
0.029448
0.045611
0.027238
0.033195
0.045886
0.042121
0.051188
0.021863
0.029544
0.040453
0.034162
0.044298
0.055223
0.029657
0.043192
0.038728
0.040878
0.043065
0.035112
0.025107
0.055033
0.027631
0.03917
0.037615
0.035014
0.032362
0.025654
0.024807
0.054212
0.04932
0.040418
0.010629
0.082153
0.038963
0.046725
0.021403
0.044059
0.037923
0.033825
0.053717
0.045329
0.034686
0.037397
0.041635
0.047993
0.023539
0.044389
0.03044
0.054336
0.049334
0.036223
0.039808
0.037351
0.038181
0.050878
0.022584
0.043415
0.048287
0.021176
0.040744
0.03074
0.030327
0.032553
0.036162
0.055769
0.015875
0.049072
0.028885
0.044987
0.032127
0.061158
0.024276
0.034897
0.041918
0.045362
0.040056
0.054059
0.035468
0.041881
0.049845
0.047995
0.017023
0.034322
0.027695
0.037064
0.035978
0.026091
0.02758
0.04009
0.054657
0.032835
0.036041
0.031275
0.030126
0.043112
0.029348
0.035888
0.027015
0.040464
0.023872
0.045197
0.040593
0.034442
0.044477
0.037772
0.035908
0.022131
0.026094
0.02781
0.033169
0.039572
0.052137
0.037044
0.038939
0.025495
0.037765
0.04361
0.029718
0.050317
0.054738
0.039256
0.052251
0.029854
0.028361
0.050107
0.015918
0.022643
0.020588
0.042458
0.020737
0.023885
0.043151
0.050157
0.035655
0.042173
0.02791
0.049293
0.013451
0.031678
0.047299
0.051017
0.056505
0.03992
0.03451
0.017024
0.029263
0.031003
0.03246
0.062123
0.041256
0.044568
0.05068
0.029243
0.041694
0.040644
0.014724
0.038461
0.053104
0.046143
0.040856
0.060987
0.044185
0.04437
0.035061
0.047615
0.027651
0.046686
0.051177
0.029327
0.053168
0.047045
0.013284
0.040112
0.036035
0.048361
0.072808
0.022347
0.050199
0.031773
0.030336
0.029274
0.042141
0.044754
0.027647
0.034267
0.013528
0.075452
0.041636
0.024864
0.065603
0.037894
0.030109
0.010206
0.016715
0.041229
0.055566
0.030698
0.033097
0.018792
0.03841
0.021736
0.036691
0.023686
0.022836
0.036004
0.033817
0.050408
0.057609
0.053663
0.073666
0.061218
0.056157
0.06368
0.051306
0.071138
0.084864
0.043039
0.044731
0.04702
0.039211
0.078824
0.056372
0.025976
0.039015
0.018908
0.061715
0.052761
0.023137
0.032068
0.034118
0.031136
0.029584
0.030967
0.033155
0.024384
0.051806
0.036494
0.057553
0.051349
0.047246
0.047534
0.03169
0.056099
0.038873
0.042543
0.041794
0.041622
0.031957
0.042652
0.032135
0.036345
0.043251
0.034502
0.053501
0.036627
0.032382
0.0374
0.038569
0.038421
0.035556
0.044065
0.039882
0.033046
0.040194
0.033822
0.037219
0.027348
0.028895
0.046319
0.031983
0.03445
0.029227
0.032475
0.01033
0.011891
0.040202
0.048862
0.032573
0.032785
0.048897
0.039897
0.014216
0.040863
0.026726
0.040167
0.019337
0.01539
0.030668
0.037277
0.032248
0.036412
0.01331
0.036834
0.036615
0.015399
0.035923
0.020255
0.034746
0.035327
0.045063
