99.521511
40.091001
45.337153
23.279733
20.171801
23.086797
16.413999
20.42512
20.559211
17.304388
17.608008
16.926134
18.644506
17.581459
26.92292
25.562223
19.674759
23.083212
20.205895
18.980793
21.965477
21.188495
18.431451
21.206015
14.453757
17.058112
18.668566
18.728831
19.386733
21.18069
25.42285
17.71796
19.967946
14.921406
18.956402
18.864883
17.762044
0.046851
22.226101
23.478633
19.106081
46.024786
38.572976
19.882835
16.310456
25.846385
17.645013
16.015272
20.559334
16.498265
19.369332
19.786567
19.344353
18.67962
16.463644
18.764619
20.164831
20.437178
15.40296
16.978354
20.076144
23.993289
18.058389
19.64474
18.877522
16.898135
16.545012
16.315228
19.710764
17.994609
18.375985
18.769183
17.449824
15.49557
22.738868
19.681608
20.291234
22.232848
24.222445
22.459132
21.31699
17.003213
0.020221
20.557438
31.562473
19.143912
15.037863
15.980667
21.533301
23.419104
16.269799
20.132381
23.133472
20.875029
19.823864
19.523964
23.919222
19.734966
17.273266
19.529429
17.230789
21.595253
17.883945
22.441775
17.077311
20.909806
15.643411
17.843273
19.387662
18.943477
19.57915
17.486781
20.137461
17.684028
21.607859
23.747908
18.457504
20.598784
20.19324
19.881196
20.198724
17.670372
22.086051
17.929438
16.192517
21.574849
17.539337
15.851564
19.981857
16.156658
21.409708
22.267052
23.025901
17.080762
15.880433
23.885205
19.884105
19.057936
18.610497
19.997991
18.519798
21.040179
17.309153
23.327121
21.973657
19.140927
18.202577
19.481055
20.23944
16.00565
16.889193
16.329925
18.293839
17.99185
21.190451
22.056386
16.945004
15.892207
0.042892
17.154044
21.423598
22.623859
0.009568
20.015059
18.077621
21.651836
18.521102
18.392754
24.823904
17.167772
14.916484
18.717296
19.455036
19.874717
18.177164
21.443097
20.783825
25.972455
16.612451
19.695919
16.876315
22.787657
21.06032
18.035947
23.461197
18.335688
20.987736
17.137038
19.071003
14.902565
16.540418
18.685931
18.758437
18.474778
21.691336
22.281036
16.943472
16.826658
18.183011
20.985785
19.299293
15.697286
17.789428
17.290106
20.045764
20.588169
16.749
18.901304
19.131321
16.335879
19.662573
17.751498
22.308276
23.537239
16.593556
23.289074
17.750871
16.044936
18.138739
18.617578
22.469364
18.556655
18.286619
20.674971
21.802714
20.147727
15.448379
19.910271
15.562207
19.461865
19.195596
18.467896
23.744309
19.616335
20.736996
16.1443
18.799176
19.653105
0.030491
19.85335
19.332683
20.71651
18.492147
24.100679
18.733698
18.159111
0.013364
22.082373
21.604873
0.011315
17.836036
19.135271
18.227838
17.621332
17.88465
19.99582
18.396593
17.409707
24.198855
18.340382
16.392406
17.110434
19.59225
17.408859
18.228534
21.141481
17.998444
21.545144
16.966203
18.029884
24.212082
18.012149
22.434407
21.425943
15.584982
15.756518
21.947762
17.881059
16.155182
16.096145
18.939671
19.01605
18.301943
18.156559
20.179701
24.873011
16.885261
21.5301
19.75972
18.685886
18.769015
23.235295
22.684746
17.712122
16.416124
17.761683
20.304421
18.443385
20.914437
21.801484
20.236581
19.212881
27.862576
16.968133
20.77613
19.088307
22.941191
20.152108
21.415382
21.745265
15.51457
0.188709
21.654061
20.769148
23.514905
17.849885
23.324626
22.880026
19.289642
18.730554
24.737861
16.176872
18.539804
16.825309
19.89106
15.950137
15.75411
24.271755
18.769665
16.235956
0.014527
17.899293
19.122316
0.074933
17.391261
18.971001
21.273238
22.614098
17.382881
21.140936
18.10201
19.462669
21.782391
16.066924
26.287488
19.579586
23.243264
19.031175
18.595898
17.582739
15.429145
23.76368
17.782002
18.94635
17.736118
22.191838
20.238153
19.058206
22.153919
16.439526
18.042044
18.424206
19.14063
16.790288
19.023984
18.528991
18.903498
18.632037
17.884444
20.401759
17.49083
19.228818
17.696232
23.080536
22.147056
16.850547
18.007816
19.971113
17.651403
17.919733
19.595751
16.285072
16.38082
18.114349
16.105448
16.550741
18.002589
18.495758
16.37095
20.066613
19.886676
18.78299
19.572298
18.965449
18.96172
21.770332
18.30304
17.851718
18.587196
20.124601
18.919867
16.389169
19.820904
17.029566
22.023884
18.027155
19.082335
19.394115
15.729008
18.685931
19.232
17.961226
18.710248
18.287919
23.423724
17.083602
21.308088
17.075172
16.615182
17.228566
18.032627
18.9858
17.595714
17.401477
21.16575
25.548603
25.123255
18.821703
17.406562
0.052898
21.797997
16.832309
18.147958
15.800689
18.698932
17.807345
19.148472
22.611395
18.169856
18.677811
20.276847
19.531053
20.59358
18.816403
19.085173
18.11829
20.673087
24.086466
16.772741
18.045261
16.741097
16.074182
16.936022
20.390342
19.780071
25.537923
16.938482
17.324427
18.627648
21.637211
25.687839
22.388193
16.468434
17.774523
21.835643
19.136174
22.48631
17.144751
26.085158
20.615826
18.550128
16.776913
20.609529
23.386166
16.43593
18.222405
19.401339
17.971497
18.429383
22.57953
16.556348
19.763715
17.058623
19.281256
24.400278
20.593694
22.509077
19.847254
20.126022
15.851042
20.132432
15.915534
18.030039
15.40663
19.272179
20.677616
19.457903
20.730665
18.144033
22.897084
19.466899
0.111694
17.699103
17.278412
18.06904
18.296199
19.298144
22.010096
21.229629
15.16681
19.595897
19.433155
18.125735
15.219515
20.622554
17.032814
17.016742
17.41351
18.035761
18.64209
16.650617
16.616031
18.395824
15.486188
20.941826
19.126151
31.94591
17.288389
19.353587
20.89269
20.239612
16.578172
19.137692
19.735678
19.347116
18.966184
20.49344
21.70856
17.53093
24.367484
18.629444
17.857987
26.355543
18.150994
18.977858
19.072727
20.742405
25.411027
17.510305
18.876113
15.865853
16.4475
16.007074
17.267909
19.42797
21.800873
18.862848
19.608085
16.231667
20.228624
18.605465
19.722565
15.5694
16.087828
20.665735
17.131088
24.562403
16.652679
19.756017
17.499835
17.778097
22.986506
19.723447
17.554497
14.505986
18.354034
19.996022
20.121855
15.385379
25.898354
19.846065
18.259623
18.527529
19.504604
18.494818
29.833797
18.8383
18.082891
16.400938
19.69424
20.708035
16.028933
0.005501
18.49829
19.583899
22.215263
20.825925
16.444864
23.807211
16.067501
21.694052
20.044212
20.942626
20.907996
18.06736
18.93692
16.292324
20.376072
21.773028
19.382281
18.415192
17.106555
21.11956
21.458206
17.634326
19.923694
20.113899
14.55787
23.047024
16.308255
17.724352
21.234465
18.346845
21.378298
19.289242
22.354542
17.063796
23.774243
15.978757
17.466077
19.387866
16.987898
20.081747
20.584607
17.043495
19.066852
26.849814
20.570547
16.377153
16.825042
21.767227
18.90397
18.269008
16.494125
19.343946
20.88383
18.255649
17.980357
23.874619
16.949542
21.555773
17.193899
22.735261
16.897498
21.186002
16.086232
15.720984
24.326631
19.176085
21.603067
21.351578
18.091851
17.43875
18.497944
19.493157
19.657237
19.740207
17.741081
19.701957
19.062962
15.24897
18.744146
19.425466
18.257586
19.538519
18.281406
21.573075
21.731551
16.760242
18.194124
18.572502
17.05241
18.880755
16.835632
18.158044
20.598959
23.521635
17.940584
20.322966
17.77784
16.580724
19.862994
17.707691
18.712939
18.143938
19.685309
25.154069
18.916225
18.021809
19.313579
16.245769
18.463302
21.347734
18.840554
15.956479
22.00347
16.101753
23.003613
17.630201
20.860607
17.92073
14.678768
14.995432
0.051319
15.626576
19.753484
19.212839
20.410392
18.152367
21.021901
17.948193
18.067917
24.935895
22.125928
20.795944
20.017458
17.334045
22.731706
21.62852
18.697253
21.567027
20.869716
17.409736
18.297734
19.128563
15.670815
25.437468
19.61371
19.217832
23.491082
16.444044
21.860836
17.864127
16.931867
17.350048
18.521026
19.468567
18.855371
17.90397
20.4212
17.554333
18.333788
21.173242
18.176355
19.470066
23.738272
18.713252
15.065598
22.515178
19.014364
20.828265
21.294872
15.320183
17.805874
19.407368
18.701301
14.962723
18.799574
23.0075
16.188011
17.779426
17.627452
18.740733
21.812498
15.282743
22.865847
20.636155
0.026856
23.410389
19.214681
19.241835
32.705348
18.563753
31.809885
27.928363
19.801263
19.641944
17.578484
19.001697
17.279883
21.114624
23.086179
16.891483
20.51322
21.992576
15.282388
0.056578
21.921634
19.195562
25.332222
22.237767
24.707814
23.126903
0.061338
20.077286
21.666539
21.327697
19.989142
19.824952
21.149403
20.205021
16.930853
19.923929
19.7092
19.222998
18.982694
19.085574
19.201724
16.533358
19.471056
16.966261
19.13437
17.99239
20.192617
23.768798
20.226395
20.686794
19.50914
20.926824
21.822398
18.384839
14.809026
15.218132
18.65449
14.861038
18.097199
19.352444
20.226014
16.27765
14.611179
18.411643
19.498651
19.787384
17.794269
21.968936
21.699106
20.36271
20.90369
18.605075
19.662088
20.34821
25.507294
23.126277
17.572533
20.235555
21.83254
17.647294
19.784051
17.606718
21.922932
18.402502
17.502457
18.886485
19.512451
21.351567
21.16376
19.265197
15.294072
16.367125
16.198292
17.336297
21.067932
19.675504
18.083395
19.466992
17.195057
24.994419
23.863463
22.245434
19.066227
19.023791
0.029627
15.773108
21.956039
17.521099
21.385236
18.209272
20.490696
20.027426
18.538383
18.365014
22.133927
19.537456
17.378075
21.072734
17.592693
22.592904
15.605274
17.88119
18.029814
21.075528
17.645784
18.749606
23.760522
18.354052
17.901986
15.547338
18.726442
16.16179
19.766891
20.33377
15.349902
21.099386
17.522683
18.064115
20.774242
16.188619
19.921264
16.528843
18.791393
21.723213
15.797133
19.07113
18.008685
18.64027
18.805854
16.335362
17.604384
17.763847
18.701265
22.174243
0.00511
21.164565
15.785336
19.464531
18.838851
17.615821
15.570043
19.263298
16.842798
22.64204
17.483935
16.954654
20.061355
29.682285
17.315594
22.578905
16.221787
21.497515
18.101583
18.517817
17.655739
19.958235
18.536554
22.114071
17.531917
20.828731
19.441308
23.783722
22.027513
21.897167
18.026492
16.059628
19.669408
16.195877
17.54677
20.228777
18.662218
18.366194
17.706942
15.522614
16.198514
16.141728
18.364887
15.305838
20.586236
19.19807
20.284638
16.612881
21.503261
20.628853
19.382401
18.691978
26.073625
22.931649
17.92263
20.54888
16.509377
16.88135
18.409293
16.627223
16.301591
24.49268
20.283351
18.288222
19.256563
17.873237
17.950986
15.624324
22.509882
18.640761
21.672493
15.97489
16.356923
19.834236
18.184162
20.429647
19.16406
20.483984
24.065149
21.771762
20.052172
20.339644
16.354989
17.642648
23.895595
20.737526
19.264778
16.729481
22.879524
16.917767
15.296764
15.594998
19.409228
21.390722
19.388751
19.842324
18.140677
19.979134
20.420829
23.806332
18.007326
17.077435
16.864905
21.30995
22.851564
20.581536
21.822264
17.279013
16.77061
22.096446
17.248129
17.389964
19.971845
20.582748
23.147588
21.680656
20.008485
18.684772
18.806234
15.264501
19.941874
16.08288
19.081559
22.164812
17.414879
16.653744
21.382299
14.332307
19.797808
0.076793
19.340471
16.475584
18.643277
18.945759
21.639629
19.237809
18.651817
23.36968
17.721854
15.514269
17.771615
23.846221
19.50869
22.655131
20.652728
25.257116
21.028528
20.529656
25.082968
22.814944
23.206037
19.345248
16.934468
17.080295
16.899948
26.460079
19.783464
20.637276
17.225443
23.307743
18.368991
15.800272
20.679149
17.907449
16.502606
16.952148
17.770218
20.214397
16.993481
19.144691
16.001031
18.78633
17.877425
16.694443
19.383624
16.946271
21.056462
20.447634
18.038391
17.906243
16.768665
16.828719
18.570188
17.039305
15.757295
19.996172
22.517893
19.284715
18.283167
21.142817
20.839489
18.486288
24.955707
15.796496
19.599757
15.399899
20.090181
22.679047
18.656264
22.654644
16.455075
18.663713
23.320777
21.001012
22.919165
16.087257
19.521515
21.823586
18.354503
19.179799
20.023952
18.898707
20.792916
14.833317
17.468114
21.808389
19.243932
19.657474
16.526621
18.583268
18.611632
21.593622
0.014228
22.705339
17.218132
19.920051
18.427373
20.200418
21.496214
19.586396
0.113369
16.476658
18.836962
20.237325
18.517684
15.668585
19.881426
17.374981
17.612314
15.352251
20.142212
22.867779
18.008578
21.058613
0.048208
17.322358
19.425413
20.544508
20.150881
18.394702
22.643331
19.174534
20.145164
19.593848
18.072321
16.396592
17.838557
20.47594
15.790482
18.542168
18.264889
16.805727
17.526468
17.105595
19.102964
20.274646
21.66741
16.282754
19.980555
18.454773
21.5785
20.185716
19.210444
22.004512
15.917744
18.450098
18.542601
25.756958
19.094874
18.905816
18.60855
29.91795
22.155632
19.169159
17.470445
18.640501
20.784324
17.704617
15.638135
19.682153
21.552611
19.193179
18.370179
19.97471
23.503583
21.536654
20.94284
18.550069
19.697964
18.272384
21.044046
21.06215
21.670659
22.630455
16.514462
17.521933
22.905616
19.870916
19.008743
18.627772
16.648325
17.388887
19.113612
16.585539
18.961672
17.283894
16.353303
22.96166
20.509227
16.004945
22.843873
23.531363
20.36057
19.995634
14.516836
24.131915
0.110883
22.308112
18.545075
23.794935
18.584113
19.096618
16.866747
21.281891
21.210887
14.89187
20.051463
19.969152
17.870601
18.025596
23.35552
25.433998
17.871504
18.823253
21.254695
18.560986
17.055563
17.473507
16.872632
19.398349
23.400698
18.682003
17.116207
18.021265
15.286271
21.565101
17.904548
21.037993
19.602455
17.962495
18.159194
21.545827
16.3817
22.102284
21.606205
26.680045
15.256253
0.078243
22.747252
17.410293
23.769424
19.121987
16.305512
19.750429
19.062413
18.216503
14.455418
27.428667
18.815087
19.442823
17.83692
18.161809
22.017241
19.76525
21.25904
20.49776
18.654359
20.61374
29.832056
17.341727
24.267335
17.550237
17.727889
17.520614
17.462394
16.628421
18.731815
24.056725
21.392272
19.152303
25.880163
15.022387
23.173759
20.694012
19.598939
17.994049
21.908059
17.3474
18.524572
18.118546
17.767877
21.491086
15.885532
23.919307
17.744116
20.983685
20.451372
14.250131
20.844229
19.776838
17.547394
17.60345
18.597545
21.239042
16.237268
17.673927
17.003224
18.771192
23.273456
16.784051
18.508362
23.429186
16.849829
17.074703
21.599305
20.832969
21.865057
20.994103
16.893876
17.537751
21.068087
20.433031
19.015743
21.852064
17.417294
24.372478
18.279664
21.501512
19.653087
16.279147
22.286118
20.39853
18.746034
15.901617
18.707368
20.530749
18.135475
19.987744
17.912414
19.690714
19.305542
23.144203
18.481584
17.06135
16.572813
20.442588
18.502772
20.309719
24.830924
17.017706
16.540019
18.660887
16.770981
18.226958
16.985932
16.907384
19.688519
21.083318
18.790958
20.382782
18.462906
17.052686
21.907068
18.908842
17.043748
19.313676
17.345094
18.66557
18.131204
20.06342
21.926915
22.214175
18.765636
18.464204
14.880174
19.723875
23.257501
16.477019
16.347094
19.561761
18.844609
22.647473
19.556265
16.233199
18.966
21.203377
15.744063
17.950794
19.050344
16.062484
15.231451
18.810714
20.35033
22.590034
19.228601
18.059085
17.119826
21.21386
19.325711
22.392626
19.334711
18.019232
18.998132
23.188099
15.203552
18.8743
16.530411
23.365004
0.091516
23.997002
22.355778
17.15505
19.312721
21.153137
20.071263
18.133861
20.33738
19.919702
20.487209
16.952119
20.708617
16.213259
16.705599
17.724144
17.554328
16.08151
30.240689
18.060318
18.901359
16.530927
20.598069
19.413724
21.38556
20.67109
20.830292
18.69966
15.00085
17.663333
20.284093
15.994176
18.013963
18.906105
19.507791
19.061832
21.361739
16.514549
17.814702
22.364293
16.74721
20.302963
15.654221
19.771035
15.834347
17.489354
18.29645
19.223802
17.387595
18.46409
19.572888
16.660714
21.468827
25.784302
19.841493
21.084542
0.057062
19.944435
19.135839
19.547484
19.519501
20.814463
16.470301
21.218507
19.53924
17.774131
19.176698
22.443317
20.688905
22.59716
19.407023
19.341797
20.260014
17.57239
15.715458
29.960503
20.613528
15.97969
24.010176
17.629044
14.891397
19.235204
18.614554
20.246689
17.136239
20.139843
24.867487
15.090033
16.991803
16.981497
21.709601
20.319045
19.179451
18.499726
20.504829
18.104052
0.086576
17.521855
16.681147
17.901159
18.999564
21.003708
19.686613
22.599106
17.858461
21.671869
19.022176
21.890732
20.369056
17.987579
16.898538
17.568484
19.105568
17.041583
20.193476
18.929333
24.655614
21.142984
22.111052
24.579977
17.185995
18.999571
16.931332
18.06096
19.033847
20.519375
15.379177
18.149146
19.450066
18.507559
16.119707
16.39193
23.696096
0.013182
20.760334
23.113011
19.247718
19.79897
23.774054
22.527047
19.678341
18.656598
20.520006
18.768335
20.360066
19.270524
19.525819
15.726676
18.462408
14.975518
15.503679
22.577569
17.637611
24.902444
17.498287
20.541126
15.811824
17.426159
19.948844
18.290263
17.994986
17.83061
16.349398
20.103275
20.506465
22.004074
18.785642
20.132992
20.317814
15.775745
19.225991
19.122662
14.246747
17.817001
16.683643
18.011159
18.434624
16.808618
20.030672
17.911447
18.4516
18.508395
15.40499
17.296334
24.644095
17.731342
0.007874
18.336181
19.336291
18.245919
16.155997
0.012991
16.480254
22.845261
15.675529
19.977605
17.484304
17.481864
22.521832
22.298454
19.765242
20.069204
0.006319
19.262586
20.644564
