47.472299
14.666144
14.886511
13.487436
12.975798
16.111569
13.650205
13.134148
16.925591
14.175937
14.023095
15.556309
12.742471
17.996637
13.183359
18.38046
15.4549
12.269777
15.457611
16.867004
12.535948
15.205884
15.006629
18.101801
12.766989
15.22437
13.750016
17.498628
16.73656
18.392593
11.591024
14.555798
14.316298
15.400201
16.310688
12.744399
16.79197
0.417112
15.581932
15.386636
15.77437
35.976148
15.69617
16.520573
16.559667
12.168153
15.787874
12.385718
14.48077
12.816561
13.641292
14.280142
13.514897
16.120031
15.808685
16.730614
16.616181
15.604383
15.759857
16.947347
14.765144
13.389354
16.937887
15.581205
14.830642
15.883155
15.004342
12.790863
14.874362
15.424537
12.276821
12.866868
13.151751
15.161391
13.255777
17.768302
15.652087
16.018916
13.434604
16.103611
14.899444
14.735117
0.046653
12.086605
18.394443
20.357221
13.277068
17.868419
14.361388
12.698646
14.047333
11.537076
17.035909
15.339726
15.798237
13.995447
12.621209
12.571133
13.555543
12.21086
14.470046
13.408638
13.838394
14.113612
16.774651
17.684819
14.025152
14.309663
14.854625
14.431689
15.469473
18.566231
13.694298
16.155765
14.157043
13.313129
13.121632
14.013629
14.727666
14.561726
15.837897
11.904763
16.237476
12.283709
17.08587
13.791298
21.340322
14.606138
13.323474
16.183497
14.345742
14.912372
12.633283
17.81887
17.128358
13.340393
14.377387
12.486006
12.088627
12.844067
16.343592
13.916085
15.40709
14.008695
17.99248
15.234816
13.700304
13.981673
14.104219
16.659929
14.567015
15.799153
15.085404
14.161116
16.651998
16.140226
14.09262
14.591769
0.052933
14.28973
14.654803
14.914259
0.031914
14.718983
16.130545
15.563192
13.867786
12.509427
13.743642
12.298968
11.975708
17.287168
11.84941
13.921552
15.63385
12.176745
12.462501
11.406454
15.045365
15.675231
14.605072
15.454426
12.717363
14.887596
14.124035
15.859137
12.900804
15.371918
16.887957
14.695749
17.072397
15.888995
15.123715
14.132205
13.672293
15.00875
12.740063
12.7315
13.488845
14.060168
17.02181
13.246685
14.123918
14.287944
16.335227
13.410998
12.52821
16.340552
16.180694
15.94446
16.51173
15.201507
15.740044
15.835941
15.338869
12.583796
15.369015
15.188221
13.749676
11.619003
12.977741
15.434487
13.84911
15.750983
14.81476
17.493411
16.135744
14.686344
14.310199
13.702759
13.002555
15.723466
14.273557
16.104928
12.425783
16.921946
15.51888
12.442605
0.011558
16.741499
14.250754
14.369651
17.734586
17.652289
15.503208
14.732237
0.073238
14.769154
13.248019
0.001834
13.707139
18.195945
12.25239
18.199052
15.444913
15.135586
15.774751
14.594937
14.626001
13.272774
15.727177
15.805716
12.716719
14.724886
15.995167
14.341391
14.630914
14.82188
11.30998
15.815218
12.721852
13.871117
14.656123
13.159629
14.305122
15.915161
16.835267
14.461249
16.327719
11.945927
13.804208
14.438351
19.262808
15.874581
13.498352
13.157117
16.34809
15.00163
13.592456
13.35289
15.229783
16.294516
13.601305
13.094049
16.447451
16.541789
15.931976
15.447684
14.410325
13.45692
15.704835
14.250932
15.287283
17.828401
12.783394
13.274519
15.681718
16.613263
12.035893
12.858847
14.864533
0.045824
12.310487
13.773506
15.515909
15.034024
14.142504
14.681728
16.158292
15.0115
14.98323
14.062345
12.843239
15.883712
15.268481
14.305358
12.261702
15.591364
14.326187
16.108176
0.10493
12.555918
15.50282
0.018837
18.910732
12.041485
14.189518
14.505192
14.655471
15.230025
13.493386
13.014174
14.418184
18.117963
12.851956
15.677429
16.478595
12.392903
15.02838
21.411515
16.536503
14.975857
13.194736
14.54551
14.438143
12.896617
14.791702
12.867212
15.351454
12.921759
16.198867
15.076733
12.666312
16.623864
18.046875
15.860975
15.696522
12.113535
15.75535
13.456422
12.234334
12.901661
14.380488
12.252088
15.47539
13.632185
12.427621
12.564338
12.678859
14.64115
14.766236
13.693593
16.006732
13.617119
11.788614
12.727056
15.013773
13.459868
14.749317
15.422334
15.808405
16.241807
14.941011
18.017122
12.092258
16.198596
13.682315
13.70038
14.670499
15.75102
13.693171
17.687418
12.006772
14.673024
13.014716
13.873187
17.226561
15.508178
12.816774
15.556453
17.431871
12.435926
13.853445
16.4614
15.514278
15.044147
16.282736
14.545728
12.874107
13.056576
13.667325
14.405368
14.006213
14.700933
17.509545
13.777261
12.261856
15.057294
12.668143
0.098194
15.252612
12.769945
12.85622
15.470908
14.113032
15.578285
15.196907
14.105672
15.34308
14.771254
13.611065
15.727553
11.855131
12.495227
16.677418
15.207068
16.127889
14.104282
14.874671
14.117523
14.427225
14.602148
16.78449
14.177536
13.432491
13.612592
15.071523
15.101621
17.177621
12.396408
14.78174
14.625138
16.728964
16.159163
14.645207
14.581244
12.728278
15.381577
11.94198
22.708745
13.416344
15.951399
18.409269
12.612528
15.651327
12.88702
15.382901
16.362288
15.719679
15.114818
15.143961
14.983643
16.718142
15.735327
16.150391
14.859769
13.056053
11.821362
13.353655
13.201557
12.575128
15.01319
14.233476
15.756563
14.778505
15.063186
16.480111
14.841804
15.102942
16.998274
18.313351
0.106313
14.956929
14.185001
18.514696
15.83298
13.807782
15.835559
12.062066
13.706895
11.285037
12.029171
15.287947
15.635513
14.700065
13.177866
16.025933
13.660193
15.347863
13.301897
12.314745
15.833524
16.461285
12.994806
12.741658
15.188073
15.65831
20.078528
12.523689
14.891314
15.136152
15.228921
13.903409
15.356623
13.461109
16.285941
13.276515
17.254786
14.7599
16.284361
11.962685
17.000584
16.611209
15.565453
14.678778
15.066396
12.24645
13.759623
15.048894
12.19121
14.5988
16.464316
13.391522
14.5083
12.494228
15.821917
14.886211
12.391644
15.166426
14.477407
13.9611
14.795923
15.45715
14.84935
13.561152
14.827809
15.899226
14.676126
14.489178
13.720905
14.98999
12.537769
15.783927
12.204285
14.755142
12.62462
12.140659
14.973241
17.832444
12.304464
13.503936
15.138249
14.353067
15.397568
15.535197
17.317779
12.975152
13.352324
12.125358
15.037202
13.405582
14.089269
0.059143
12.043961
12.076683
13.741431
15.164393
12.336824
13.659767
22.295455
15.976593
16.706577
14.497124
17.696135
13.967728
17.159622
12.564928
16.027229
16.984352
15.250359
12.491059
13.67777
14.313037
13.372875
13.981407
15.454511
15.741326
15.636067
16.0848
12.928637
12.656199
15.586115
15.833435
14.589396
14.365944
15.782172
14.14651
14.484938
12.039738
13.348965
16.09273
14.868138
15.561656
15.622251
16.828928
15.932519
17.216308
15.296618
15.97967
14.272701
13.852271
14.900629
15.101113
15.016447
15.433732
15.009749
12.979271
18.517402
12.096474
12.542379
15.294649
16.173686
11.795962
14.106621
13.877129
15.022573
15.207158
12.992077
15.892317
15.297976
13.014961
12.423479
14.911113
16.124015
13.249483
16.483437
15.822074
14.193284
14.35075
15.646775
15.223666
13.298161
15.859391
13.663223
15.951717
15.444655
14.28276
12.259316
15.629775
15.448429
13.685629
22.124301
14.772646
15.08241
16.365844
16.38394
15.17056
16.701917
12.755912
14.843023
12.313077
13.298874
16.268383
15.973581
15.558241
14.92529
12.997213
14.208864
12.985578
11.899791
16.12092
14.222633
12.722113
12.074641
14.941994
14.129081
13.937718
13.277647
12.118897
13.80321
13.294227
17.274487
11.790726
0.067477
13.580844
14.401174
18.431458
15.456089
16.34051
15.004164
15.420984
15.538126
13.140267
16.32391
13.504181
15.160811
13.748582
13.912292
13.362086
16.81011
12.308066
14.536294
16.138226
11.809161
13.828799
13.927407
14.865177
12.369751
13.63725
15.049723
17.053605
12.088141
14.98516
11.517502
11.95104
13.611014
12.415469
15.551123
15.282194
16.848599
14.533638
13.180863
14.69489
13.471851
12.343284
13.274675
16.36486
12.357607
13.274907
12.943278
14.766164
13.374389
13.372781
17.751131
14.719613
13.988684
15.246853
13.331479
12.414301
15.723206
14.839205
14.997671
13.803931
13.556887
15.703612
15.599622
17.223093
0.032043
12.31306
15.691548
15.846612
12.413958
17.262135
27.961688
12.554712
14.107113
15.751322
17.989618
15.491279
13.527776
15.981995
15.21224
14.513483
14.487565
13.278729
11.951462
0.008541
12.247906
13.660123
15.236795
13.92642
11.922085
16.007008
0.068355
14.053853
12.915167
12.042911
14.860237
17.679922
13.257683
15.535079
14.345293
14.260102
15.599782
20.391435
15.642382
14.646037
15.173331
16.397628
15.270708
13.9866
13.181452
16.105457
14.660708
12.167945
14.698922
18.075196
13.472617
15.435449
15.939171
16.231279
13.414613
12.509699
13.553428
12.000253
13.064763
12.538073
14.408314
15.188868
14.799959
14.413216
14.302354
14.552514
21.802783
15.333197
17.56023
15.191769
15.583679
13.011784
15.289443
12.885764
16.279606
15.44735
15.956459
14.826945
13.596674
14.614418
13.559164
12.898902
12.25424
14.625942
16.308047
15.256626
15.791395
13.147654
13.97316
12.102002
15.208378
15.791448
12.920261
15.333952
15.330438
12.457299
14.598799
14.176234
14.513684
16.85387
11.876456
14.094739
12.919774
12.588682
0.068529
15.388982
12.98501
12.909303
15.344208
14.84943
13.70749
13.957309
15.509055
14.010326
15.134585
15.573771
13.737852
13.148387
16.780717
15.150516
14.075884
16.228178
13.897939
12.026515
15.891798
17.045569
13.632442
14.328873
15.231369
16.230592
15.613703
15.647011
13.548749
15.336347
15.213312
14.605665
18.846093
16.004437
14.706249
17.08788
14.486748
13.697751
17.366736
15.131805
14.132797
12.549137
14.640708
13.417621
15.413205
12.163821
14.95804
15.131005
13.195968
13.259434
0.027767
14.473601
15.008581
14.364481
12.253382
12.263526
13.658398
15.709306
16.332108
12.965801
12.44124
13.895938
16.480676
16.642014
17.421717
13.94413
14.72231
16.358057
14.68518
12.654541
12.905335
14.509709
12.788384
13.920801
15.937205
13.358179
11.516151
14.042528
15.965579
16.714566
13.293895
15.762487
13.99184
14.97225
18.656278
16.124393
18.550118
12.826619
12.364212
15.913402
14.110122
13.0754
14.992623
13.157382
12.272418
16.04035
19.147004
12.81145
14.399579
14.36734
12.137915
16.072283
14.044881
14.17998
13.714215
14.167484
17.727353
17.616921
15.821338
13.249611
15.035634
15.607742
16.133607
14.21417
13.823036
15.866138
13.641861
13.902083
13.038548
12.383038
13.786246
13.26942
16.246637
13.993601
15.918616
13.835679
15.086548
13.996755
13.668314
15.845993
15.529218
14.372441
15.434617
12.56398
16.493417
14.739557
12.299736
14.182586
13.490681
12.113741
14.798965
15.686786
12.013824
13.828012
15.35707
13.5453
13.13122
13.739628
13.497125
15.445379
13.8951
14.779542
15.220612
16.328077
14.331395
15.941255
12.265146
13.557224
15.836944
14.233064
13.792578
14.921955
16.258558
14.546503
12.044307
15.881003
12.384488
16.677673
16.711433
17.915738
12.28197
14.901344
14.875299
16.468689
13.143973
13.210082
16.214975
16.22383
15.661911
0.05877
17.152297
14.507515
16.53926
13.897426
17.508216
18.335744
14.680235
13.194722
14.301075
15.815836
15.058775
14.309735
14.052205
13.242155
14.373275
15.560854
16.133436
15.104203
15.389236
12.882581
14.286346
15.302591
12.988867
14.813946
13.600251
15.260492
13.038952
14.866953
12.317949
13.973992
11.892157
16.396821
13.45759
17.186003
11.525566
14.756722
15.416021
14.799709
14.745596
13.818511
11.935661
17.227663
17.324962
11.852826
13.126147
17.234546
12.101671
14.380892
14.531878
13.834296
13.268166
14.029558
12.808498
18.526043
15.04471
15.489254
15.841096
12.514733
14.447913
12.236437
15.506116
13.5049
15.061377
11.854658
11.91455
12.589532
15.238026
16.311857
12.825059
12.276188
14.583848
15.664438
15.492334
15.459441
13.8029
19.631429
12.951783
14.079458
22.584858
12.606697
14.526004
13.783236
12.06456
12.92428
14.163116
15.080634
14.625268
15.231765
14.768222
13.582283
18.803028
12.907435
0.049143
12.341043
14.754522
11.957004
16.307455
15.502154
14.240963
15.359963
0.014431
13.918802
15.515807
12.872068
15.114178
13.731647
16.583183
14.83399
17.996798
14.943407
15.273311
14.777144
13.350902
15.28901
0.066629
25.697358
13.954017
14.019005
13.134159
15.902317
14.458387
16.20884
13.104334
14.278082
13.608066
16.419483
12.648463
17.988833
15.071117
13.799052
15.473219
16.607075
15.044473
12.147246
12.612467
15.35336
15.461252
13.628665
15.287875
16.739323
16.33183
15.925657
16.139951
16.619342
15.209889
16.039205
14.349922
14.069616
17.049668
13.744236
13.22115
14.651317
15.624608
15.006148
16.94579
14.032469
13.743418
13.866515
12.20141
15.861076
12.387418
13.755852
13.310701
12.94795
13.78133
13.624189
15.483907
13.558812
14.51085
12.086385
14.325074
15.351932
11.548446
16.393341
15.002178
15.473666
12.540978
13.655702
13.603277
15.227466
13.790002
15.542194
15.698163
13.963297
12.823215
15.072086
12.916648
14.196024
13.140521
12.809025
16.979623
12.111016
14.612332
15.355615
16.192552
14.638858
0.00949
15.600256
12.502626
14.801429
13.844583
13.448235
13.640047
13.012266
13.747959
13.935923
16.719379
14.167749
13.786551
13.10482
17.832947
16.680846
12.939798
15.477724
13.111973
15.289911
14.688486
14.142063
11.836751
16.317752
14.891567
13.500154
15.498201
15.486163
12.844963
14.591991
15.852131
16.636661
12.930472
15.156022
14.625757
12.675483
15.121983
12.735476
14.499483
13.365486
15.332503
0.039963
11.678993
13.534424
13.125319
14.129422
14.154401
11.779932
15.758702
16.728589
13.326349
15.383203
15.37769
11.287442
14.069228
15.647615
18.168656
15.752563
15.593012
15.812975
16.159526
15.6768
13.22219
12.652316
14.95828
16.361977
15.459132
16.718414
12.37824
13.692117
14.403445
17.959563
16.760529
15.517939
12.322024
13.092916
12.459665
17.219852
15.172197
15.340092
15.323127
14.600473
15.370336
12.678731
14.452996
16.325435
13.415518
16.716639
12.340934
13.7811
15.044205
13.534757
15.066518
14.600388
12.189461
14.131241
18.025524
13.419024
13.946346
15.237356
13.88593
13.872762
15.0853
13.68564
13.28806
13.855379
13.751752
12.885149
12.689394
16.69228
16.061461
13.042617
13.775598
17.205515
17.258783
16.134918
15.245276
15.339655
12.375225
15.557495
12.487044
12.159036
13.60049
17.400931
13.336747
12.030437
14.66136
16.047404
17.313581
15.909363
14.143265
12.207508
13.466206
12.813703
16.795192
16.060831
12.821414
13.122066
15.467589
11.931161
14.700127
16.330902
15.347779
17.363992
17.046249
13.286215
13.33271
13.21278
15.543671
13.521352
16.045887
11.705019
18.002266
15.226814
17.282849
14.7202
12.17799
15.316247
12.359386
13.386594
12.454144
12.632765
12.560759
15.750326
15.791732
13.08976
17.315759
15.038246
14.715814
14.78161
13.557485
14.492165
17.075191
13.07803
15.18047
16.675405
13.89941
12.162516
13.005882
17.195874
15.420908
11.917938
15.535388
16.364422
15.086719
15.669581
15.288395
14.543912
14.154957
14.59982
13.580529
16.443078
15.03366
14.091328
13.647452
13.140014
14.233169
16.000569
15.227135
14.178316
15.180503
12.729812
0.046298
16.111902
13.530701
15.930246
15.78934
15.550519
18.304184
13.756549
13.187948
14.136031
12.645038
14.909899
12.880058
12.252891
13.543056
17.153922
13.373915
15.297153
16.71574
12.423406
15.759214
12.710338
15.251549
12.614783
12.898233
16.263638
12.304224
15.024178
18.036563
13.020561
19.834157
14.738733
14.836934
12.633502
15.832042
15.477722
16.9963
15.351215
16.089553
12.703548
18.573512
13.018611
13.287343
14.578562
14.427951
15.215807
15.992976
14.757295
12.182315
13.352442
12.727428
15.100961
12.383125
12.675549
12.322043
14.450454
0.010748
13.556151
16.009611
16.012414
13.059546
14.197252
12.656957
13.710108
19.729364
15.964634
15.664915
12.993957
18.377552
17.234175
15.228852
16.125074
15.287258
15.76363
12.848295
15.267987
15.749051
16.289004
17.851705
12.471142
11.619736
13.860774
12.496173
13.825714
16.057701
16.084591
15.709118
12.038056
17.581086
15.574231
15.807157
15.261831
15.03945
14.074147
12.734473
17.318403
0.021645
16.50555
13.897381
15.368368
12.39657
15.242038
15.583611
17.771024
15.700313
13.516944
13.490215
16.09604
14.836992
14.737638
14.084984
13.586916
16.380276
14.247691
16.88464
14.846862
18.044259
14.823387
15.25085
16.382496
14.780123
19.173589
15.599534
16.838222
14.336309
15.648778
13.96773
14.459032
13.702966
16.78276
14.247444
15.909242
14.457212
0.013636
15.889793
15.342042
15.264759
12.891666
12.853004
15.543327
14.0557
11.762673
15.207899
13.16885
13.754186
16.662778
14.951882
11.719066
11.878008
12.872729
12.822602
12.807078
14.645047
14.511862
15.444548
15.223438
14.480532
15.149638
13.336024
12.135795
15.09092
12.316422
14.453664
14.180616
16.87091
13.319494
14.024723
12.817339
13.464171
12.566988
13.592666
14.035554
18.048395
15.490696
13.291064
15.742769
13.215544
13.454401
13.335217
16.186488
14.206455
17.133664
17.032619
12.797806
14.564216
15.162537
0.12158
12.8511
12.989311
15.02876
15.042234
0.074468
16.155727
16.397882
15.109134
14.64556
12.593525
17.78384
17.743942
15.057014
16.466715
17.568981
0.028306
15.949604
14.653438
