2.72788
0.301448
0.290056
0.343981
0.174442
0.286429
0.152874
0.200562
0.17463
0.102159
0.056379
0.154291
0.159492
0.075516
0.077142
0.185533
0.075168
0.15136
0.103617
0.06602
0.077665
0.09497
0.045102
0.061621
0.095626
0.030925
0.046768
0.079345
0.048579
0.064755
0.077822
0.098248
0.03959
0.080569
0.05818
0.097096
0.074228
0.035951
0.047665
0.020444
0.116258
0.092441
0.079573
0.045
0.058779
0.128113
0.061894
0.072171
0.062792
0.051671
0.041541
0.055022
0.05668
0.074081
0.053636
0.084226
0.067832
0.041209
0.042045
0.034846
0.133414
0.158363
0.152312
0.186601
0.128919
0.207522
0.138445
0.160907
0.212582
0.135324
0.164008
0.160051
0.140915
0.164367
0.17369
0.132338
0.1296
0.168904
0.072373
0.042319
0.097141
0.030236
0.039439
0.114085
0.085706
0.099377
0.041559
0.020123
0.083788
0.091141
0.061337
0.061199
0.057156
0.052469
0.07053
0.03683
0.06253
0.058642
0.052406
0.064098
0.104153
0.066766
0.031755
0.060842
0.056987
0.070995
0.108738
0.033838
0.027223
0.033641
0.050372
0.047046
0.109758
0.094869
0.047599
0.040275
0.06932
0.066733
0.060068
0.077325
0.065684
0.067467
0.042999
0.054506
0.091134
0.032791
0.043815
0.077371
0.055769
0.05997
0.055919
0.034614
0.065507
0.075479
0.047288
0.028757
0.039236
0.049602
0.061301
0.073176
0.061762
0.038746
0.058364
0.042881
0.071921
0.040915
0.104288
0.04847
0.063007
0.029043
0.024852
0.065697
0.041861
0.064854
0.058964
0.054678
0.053555
0.121448
0.033637
0.048214
0.04292
0.038853
0.051714
0.01553
0.05348
0.031525
0.039809
0.024468
0.072142
0.101951
0.137775
0.044778
0.040655
0.031209
0.050006
0.066851
0.089492
0.027378
0.051425
0.073034
0.033836
0.073669
0.066009
0.09881
0.05261
0.047217
0.03121
0.094014
0.043069
0.07835
0.040333
0.084203
0.082047
0.050602
0.064819
0.034509
0.074629
0.084537
0.071014
0.04026
0.077582
0.042401
0.081854
0.024018
0.096379
0.066647
0.03938
0.073
0.115827
0.078429
0.049306
0.113034
0.074311
0.069942
0.036739
0.077995
0.06193
0.063582
0.065022
0.110231
0.025218
0.032871
0.068233
0.050815
0.039791
0.054623
0.083299
0.050377
0.079082
0.070155
0.073683
0.061894
0.068101
0.055271
0.062266
0.069207
0.043259
0.048649
0.05337
0.098509
0.041594
0.075134
0.165813
0.070102
0.036023
0.085097
0.029929
0.038509
0.025509
0.069635
0.056432
0.038924
0.060116
0.043145
0.061159
0.037109
0.058233
0.038511
0.076156
0.055191
0.046714
0.0447
0.032013
0.075007
0.065412
0.025982
0.114384
0.046115
0.06532
0.025717
0.039279
0.095206
0.039829
0.072529
0.028332
0.065266
0.025797
0.088067
0.050517
0.033083
0.05902
0.060312
0.090103
0.051548
0.080824
0.061851
0.078501
0.03056
0.042163
0.040024
0.085518
0.041683
0.067934
0.116566
0.072296
0.041231
0.060438
0.081144
0.042932
0.067258
0.049125
0.070425
0.093894
0.057373
0.07248
0.06278
0.085641
0.046014
0.072023
0.035223
0.084194
0.0704
0.035793
0.075285
0.090779
0.079257
0.062647
0.08528
0.037014
0.076548
0.040999
0.052604
0.029605
0.049863
0.049409
0.048128
0.041439
0.057267
0.054592
0.038523
0.033669
0.081955
0.057482
0.035622
0.044575
0.050172
0.054283
0.046326
0.062303
0.070871
0.054605
0.093938
0.059334
0.066761
0.073192
0.049332
0.063506
0.145756
0.078994
0.092092
0.030161
0.071516
0.067021
0.087066
0.030493
0.056561
0.047236
0.070146
0.067931
0.072218
0.034779
0.053136
0.082632
0.040648
0.058458
0.050104
0.056074
0.063006
0.033764
0.120149
0.058656
0.074016
0.084081
0.056626
0.034754
0.088094
0.036809
0.067471
0.053036
0.056598
0.048467
0.055306
0.040838
0.08028
0.066042
0.063948
0.042253
0.102243
0.044568
0.060251
0.056864
0.044816
0.070339
0.052566
0.022368
0.018208
0.076397
0.033387
0.078143
0.081486
0.068255
0.024766
0.089728
0.07151
0.069619
0.077439
0.070867
0.016898
0.085008
0.032937
0.032824
0.053004
0.138628
0.043518
0.05747
0.060763
0.075516
0.069416
0.045041
0.068454
0.074174
0.040525
0.054803
0.067343
0.029632
0.062587
0.049682
0.091606
0.085361
0.018266
0.069752
0.067278
0.055146
0.085549
0.083064
0.051328
0.094153
0.032667
0.040542
0.028768
0.060846
0.041076
0.062981
0.028284
0.024735
0.07834
0.059165
0.045525
0.089672
0.07956
0.044374
0.024256
0.044118
0.048345
0.081319
0.051499
0.063212
0.073965
0.052332
0.050176
0.052927
0.028534
0.023072
0.059118
0.044082
0.03123
0.044078
0.081334
0.046046
0.052355
0.029581
0.024184
0.10714
0.038513
0.040109
0.087262
0.068121
0.022112
0.0536
0.056057
0.066193
0.041965
0.06294
0.023044
0.030356
0.115449
0.030431
0.057303
0.072895
0.045656
0.100221
0.045674
0.052572
0.040071
0.052814
0.066996
0.094572
0.032994
0.041406
0.064888
0.052291
0.033715
0.039031
0.042338
0.04226
0.073671
0.035786
0.056586
0.065556
0.076806
0.09308
0.041111
0.06533
0.050185
0.045973
0.060771
0.039739
0.044415
0.057432
0.078366
0.061292
0.03121
0.045005
0.058563
0.0853
0.053933
0.032057
0.046552
0.041678
0.038393
0.055626
0.047878
0.049848
0.062882
0.030094
0.076942
0.052519
0.078997
0.051372
0.072707
0.0599
0.038185
0.025007
0.017164
0.024241
0.036559
0.065458
0.03863
0.053033
0.105266
0.082669
0.018001
0.080864
0.025474
0.057597
0.060599
0.062426
0.072411
0.029046
0.071046
0.052572
0.091049
0.035824
0.082759
0.06752
0.044187
0.052709
0.042501
0.018241
0.055238
0.068289
0.081036
0.06523
0.112687
0.056206
0.02867
0.047655
0.037451
0.111854
0.063145
0.05648
0.017457
0.088336
0.024562
0.065535
0.063081
0.054354
0.080517
0.032596
0.020479
0.070121
0.027737
0.025795
0.041168
0.069179
0.045518
0.041909
0.086253
0.117282
0.049082
0.03749
0.048723
0.033749
0.03015
0.032944
0.025017
0.034389
0.054232
0.022374
0.048283
0.037463
0.063987
0.052391
0.023014
0.012518
0.073253
0.073727
0.027994
0.024698
0.034307
0.05382
0.056088
0.055141
0.053337
0.024037
0.06249
0.042217
0.046626
0.03736
0.054895
0.047823
0.029581
0.070305
0.066028
0.036996
0.052416
0.050571
0.036135
0.080131
0.04642
0.068188
0.051856
0.078456
0.075438
0.041115
0.074698
0.047195
0.027057
0.066523
0.053483
0.048202
0.051546
0.077473
0.05124
0.075549
0.066792
0.045843
0.026088
0.060461
0.024475
0.073263
0.057625
0.055943
0.015234
0.064369
0.052448
0.056068
0.053041
0.05518
0.044598
0.06357
0.037907
0.048802
0.052013
0.074149
0.021999
0.07737
0.024253
0.077097
0.043681
0.070458
0.030975
0.047104
0.108886
0.073714
0.040943
0.031349
0.03627
0.063812
0.053041
0.054349
0.095981
0.016371
0.025819
0.022729
0.035319
0.045788
0.020636
0.04032
0.105672
0.039763
0.026176
0.035199
0.030962
0.073023
0.082094
0.036944
0.041269
0.120408
0.027484
0.121521
0.044154
0.053103
0.036166
0.057209
0.049463
0.034055
0.059614
0.070841
0.045583
0.070571
0.075517
0.041243
0.034335
0.040752
0.061773
0.049642
0.032862
0.066386
0.054987
0.052605
0.06357
0.053957
0.043871
0.093866
0.028963
0.035091
0.045606
0.027962
0.023352
0.039277
0.109622
0.07097
0.068528
0.079244
0.071069
0.044979
0.040554
0.04191
0.041561
0.047504
0.078555
0.049222
0.05051
0.075047
0.052254
0.028054
0.032179
0.044763
0.029077
0.082376
0.05953
0.035705
0.036198
0.058137
0.06518
0.060416
0.045905
0.045254
0.090052
0.07144
0.040951
0.065345
0.075921
0.029844
0.04497
0.073007
0.035903
0.028225
0.027159
0.074103
0.065056
0.042985
0.092635
0.067485
0.048771
0.058847
0.069446
0.074546
0.062939
0.040847
0.072074
0.078684
0.04163
0.069335
0.044922
0.051465
0.047654
0.058526
0.065937
0.058538
0.053803
0.059995
0.035848
0.053465
0.037015
0.098702
0.028134
0.050167
0.023987
0.032558
0.064809
0.039018
0.06675
0.04214
0.026158
0.034199
0.026624
0.060208
0.05002
0.05548
0.04173
0.028825
0.057797
0.073849
0.032204
0.042883
0.116982
0.077044
0.031146
0.046229
0.046673
0.035252
0.050139
0.075501
0.061861
0.065732
0.017054
0.098962
0.045551
0.053261
0.028762
0.041188
0.06499
0.03952
0.042809
0.054144
0.04143
0.07137
0.061009
0.068439
0.054308
0.044506
0.042552
0.084705
0.047822
0.036987
0.015293
0.065413
0.075305
0.046592
0.034846
0.056995
0.057521
0.052422
0.039513
0.100043
0.058352
0.051643
0.023916
0.060535
0.034119
0.047844
0.016297
0.039477
0.041118
0.037845
0.067544
0.046787
0.022877
0.081727
0.037883
0.056556
0.039524
0.026579
0.028684
0.077017
0.034139
0.048934
0.058091
0.081559
0.116643
0.062336
0.074484
0.102986
0.06181
0.029659
0.033977
0.047718
0.015365
0.044408
0.043096
0.049367
0.048334
0.057238
0.066009
0.061311
0.048355
0.048815
0.045094
0.051908
0.046887
0.066183
0.033997
0.055047
0.069093
0.062415
0.043329
0.054147
0.059808
0.018418
0.044319
0.066263
0.028948
0.075212
0.072203
0.042664
0.080144
0.05745
0.060734
0.057146
0.04456
0.042221
0.072392
0.040631
0.13027
0.065958
0.043823
0.075617
0.044557
0.038467
0.033439
0.036739
0.034875
0.04839
0.049899
0.092342
0.07795
0.028908
0.019259
0.059512
0.053215
0.044112
0.083633
0.04979
0.118083
0.040404
0.069924
0.080122
0.043594
0.058557
0.033771
0.053336
0.037536
0.104781
0.041923
0.078225
0.05355
0.085186
0.102609
0.045747
0.088605
0.054943
0.036648
0.061097
0.044528
0.074252
0.043626
0.039381
0.037258
0.03895
0.044859
0.040651
0.074728
0.077587
0.067268
0.076145
0.012675
0.116275
0.082376
0.065812
0.040759
0.036784
0.050977
0.038895
0.035407
0.076453
0.028507
0.034736
0.023688
0.04424
0.103278
0.032963
0.037638
0.07671
0.046601
0.020203
0.072167
0.07186
0.087148
0.050088
0.04596
0.023472
0.043279
0.059059
0.050666
0.055722
0.067529
0.053963
0.039939
0.043402
0.067524
0.042697
0.076805
0.056339
0.027231
0.070478
0.081855
0.063985
0.01667
0.095321
0.070861
0.035131
0.051262
0.046256
0.033768
0.063775
0.027078
0.019985
0.060244
0.0481
0.068697
0.047645
0.047287
0.043559
0.054818
0.07385
0.114736
0.025432
0.056171
0.045949
0.061165
0.064357
0.035377
0.054926
0.061826
0.044411
0.03602
0.029595
0.030066
0.017627
0.056912
0.06354
0.046853
0.067185
0.026518
0.080979
0.063882
0.055694
0.102645
0.077454
0.080256
0.083232
0.045305
0.031568
0.045489
0.040285
0.064181
0.049682
0.081249
0.041249
0.080181
0.071157
0.074133
0.052628
0.048668
0.070074
0.075281
0.077281
0.063746
0.048107
0.058117
0.019584
0.056012
0.03931
0.047233
0.094108
0.083457
0.065008
0.062362
0.065892
0.078092
0.050855
0.049205
0.05073
0.079585
0.051344
0.080362
0.078926
0.034061
0.101574
0.047121
0.048202
0.049367
0.041852
0.019654
0.042468
0.033041
0.051423
0.072669
0.039512
0.063538
0.10525
0.075599
0.047431
0.062497
0.067721
0.019264
0.049215
0.035573
0.042369
0.065251
0.028933
0.092701
0.097684
0.055948
0.045309
0.055847
0.068101
0.097926
0.026216
0.030891
0.040915
0.082945
0.05572
0.089152
0.068817
0.056599
0.019852
0.06219
0.061677
0.106145
0.06177
0.045995
0.064277
0.081144
0.066711
0.029443
0.032987
0.045113
0.024192
0.036998
0.084992
0.053257
0.053472
0.02814
0.026749
0.066007
0.034515
0.035693
0.052104
0.043741
0.074315
0.034647
0.092269
0.030631
0.055862
0.07218
0.03471
0.02411
0.081697
0.083921
0.071461
0.0385
0.035367
0.080275
0.029688
0.042741
0.046537
0.069265
0.051545
0.043082
0.079978
0.058683
0.104318
0.075421
0.084658
0.061812
0.037424
0.073657
0.048489
0.049206
0.054624
0.047808
0.06796
0.045595
0.087084
0.083644
0.038904
0.029583
0.532697
0.068171
0.061335
0.019662
0.068995
0.063063
0.081275
0.028005
0.074984
0.042009
0.056936
0.0545
0.070861
0.061844
0.092004
0.04962
0.019001
0.036679
0.06486
0.092185
0.058325
0.057404
0.041442
0.073799
0.046619
0.043347
0.057415
0.053065
0.038504
0.026471
0.035479
0.042628
0.032339
0.031716
0.041715
0.080038
0.050842
0.034452
0.073243
0.068284
0.042586
0.04986
0.051274
0.061711
0.043485
0.025005
0.066966
0.076843
0.073537
0.08706
0.062206
0.042917
0.038627
0.102321
0.025987
0.049726
0.028783
0.033286
0.016772
0.047955
0.060361
0.028961
0.091082
0.062229
0.034725
0.046616
0.065465
0.075762
0.067384
0.048496
0.058633
0.050428
0.028472
0.073525
0.038655
0.045012
0.026296
0.030546
0.047286
0.061238
0.134215
0.028605
0.104376
0.085452
0.078337
0.097507
0.069329
0.067701
0.038469
0.101057
0.045288
0.037867
0.056227
0.048548
0.040212
0.035392
0.04346
0.049306
0.040845
0.058981
0.087861
0.05445
0.035798
0.042464
0.0305
0.013529
0.032349
0.060934
0.049836
0.05619
0.071349
0.065599
0.068544
0.073766
0.00929
0.066539
0.079496
0.079836
0.048744
0.044438
0.050514
0.071279
0.08954
0.044539
0.07682
0.090372
0.089972
0.052207
0.056425
0.044888
0.090146
0.068908
0.056708
0.051676
0.037019
0.060371
0.055487
0.028385
0.022157
0.037689
0.077399
0.060762
0.045016
0.047824
0.059521
0.031117
0.028758
0.043361
0.103259
0.04963
0.074994
0.092637
0.034304
0.048164
0.050044
0.049373
0.034769
0.0314
0.042158
0.052221
0.064741
0.035832
0.053113
0.049127
0.068329
0.066272
0.06861
0.050105
0.061418
0.047507
0.052995
0.082611
0.064247
0.047981
0.092657
0.038729
0.09251
0.07101
0.049028
0.056412
0.074373
0.041013
0.065957
0.061706
0.04894
0.012883
0.115484
0.070941
0.063174
0.031921
0.096059
0.046179
0.039467
0.077385
0.063007
0.059917
0.039212
0.051824
0.048569
0.020741
0.040027
0.048144
0.08142
0.066464
0.061009
0.089663
0.058623
0.05819
0.045425
0.029995
0.049588
0.094288
0.02607
0.048788
0.039568
0.038804
0.040886
0.053511
0.087511
0.021503
0.056425
0.072482
0.091174
0.045302
0.067575
0.052736
0.050912
0.071683
0.04931
0.07543
0.092023
0.067451
0.051041
0.158768
0.063165
0.022495
0.047474
0.045886
0.076958
0.058057
0.067082
0.042205
0.05217
0.10621
0.036522
0.056782
0.051615
0.045481
0.048112
0.056389
0.062077
0.033438
0.083282
0.039926
0.079239
0.063127
0.046308
0.079415
0.058962
0.043095
0.027332
0.038803
0.029287
0.048678
0.055451
0.114024
0.057267
0.044968
0.077596
0.051012
0.084768
0.040712
0.063016
0.103494
0.051121
0.09075
0.046887
0.039408
0.057197
0.018223
0.031659
0.044051
0.05681
0.016567
0.033037
0.070718
0.077855
0.043065
0.072245
0.032622
0.097782
0.021927
0.041186
0.064355
0.065927
0.079105
0.057635
0.065934
0.021331
0.024627
0.041278
0.067613
0.103659
0.072068
0.091856
0.058965
0.056478
0.055566
0.053333
0.016793
0.080396
0.07644
0.089456
0.047671
0.085078
0.062025
0.051824
0.049902
0.057911
0.034879
0.063846
0.055503
0.040962
0.101921
0.087152
0.015244
0.056201
0.066503
0.068346
0.093978
0.043343
0.081822
0.060316
0.048138
0.041154
0.039733
0.060012
0.051009
0.048366
0.020191
0.057878
0.048398
0.044667
0.055236
0.053629
0.047688
0.010122
0.020764
0.056027
0.064529
0.035811
0.05162
0.039554
0.040198
0.024892
0.042777
0.029861
0.043557
0.063503
0.064384
0.0531
0.058376
0.05222
0.060582
0.056945
0.044801
0.046918
0.044303
0.058068
0.07932
0.051154
0.069705
0.079842
0.053593
0.094944
0.087097
0.052076
0.050625
0.032189
0.090309
0.061952
0.025438
0.041325
0.054395
0.045466
0.025357
0.056029
0.044911
0.055731
0.083864
0.066578
0.096892
0.094552
0.06784
0.086165
0.055017
0.066906
0.045186
0.071431
0.048998
0.063767
0.043951
0.063603
0.051863
0.057621
0.050702
0.032871
0.068437
0.048843
0.048357
0.054985
0.04833
0.044884
0.051781
0.074175
0.056957
0.048746
0.048687
0.058007
0.042796
0.026553
0.04469
0.05682
0.050196
0.044047
0.037222
0.04564
0.013127
0.019837
0.067477
0.098937
0.046195
0.080266
0.068808
0.030058
0.02778
0.097608
0.03863
0.046075
0.02675
0.018149
0.043119
0.054503
0.043879
0.062423
0.01897
0.0591
0.048403
0.027611
0.066392
0.027381
0.0579
0.033175
0.067496
