3.988441
1.069775
1.395552
0.493819
0.76182
0.283574
0.386728
0.237254
0.120257
0.35152
0.224548
0.192106
0.211406
0.177166
0.335426
0.312707
0.291942
0.179688
0.239493
0.366686
0.125537
0.204752
0.385872
0.400698
0.328629
0.250099
0.333083
0.289989
0.165221
1.286953
0.374545
0.376879
0.218196
0.199142
0.225348
0.192792
0.137511
0.392373
0.159234
0.282397
0.420618
0.328265
0.188338
0.194621
0.177857
0.637396
0.265643
0.118582
0.370461
0.137447
0.216132
0.402381
0.168793
0.182347
0.205594
0.097311
0.23564
0.277619
0.149062
0.192419
0.192144
0.256546
0.324138
0.648337
0.161139
0.283989
0.167081
0.348597
0.467658
0.363029
0.262691
0.2176
0.571909
0.283993
0.26104
0.219499
0.262192
0.175252
0.357811
0.214743
0.094591
0.190183
0.664933
0.175715
0.182075
0.325977
0.304474
0.224515
0.214591
0.401775
0.166899
0.401602
0.210775
0.302398
0.136525
0.3381
0.353167
0.15001
0.276504
0.366197
0.139912
0.134854
0.160597
0.265764
0.218683
0.159999
0.16178
0.146183
0.204212
0.516984
0.244504
0.343181
0.35528
0.28926
0.221453
0.138096
0.168518
0.182047
0.539374
0.128372
0.217683
0.150417
0.251999
0.136918
0.200116
0.12144
0.110651
0.414536
0.250872
0.219698
0.144095
0.186831
0.146348
0.222451
0.189139
0.191384
0.133831
0.083094
0.303947
0.339028
0.193745
0.277457
0.374953
0.411561
0.11779
0.180832
0.183225
0.196215
0.242001
0.218882
0.257298
0.247287
0.35988
0.316528
0.200136
0.190334
0.489357
0.316002
0.138868
0.511645
0.65511
0.201418
0.235093
0.23779
0.173257
0.159635
0.162997
0.325677
0.325239
0.227822
0.199551
0.119477
0.183359
0.089132
0.306989
0.152178
0.111024
0.221651
0.357937
0.220068
0.437633
0.273815
0.298447
0.221526
0.116695
0.273051
0.14891
0.233612
0.173792
0.148321
0.256269
0.219173
0.251148
0.197653
0.292519
0.252905
0.452282
0.107152
0.194751
0.524155
0.31167
0.191665
0.132317
0.243604
0.172035
0.187151
0.172147
0.244873
0.281472
0.363731
0.337498
0.142781
0.123515
0.204765
0.244652
0.118037
0.469853
0.226917
0.242198
0.2858
0.185955
0.117434
0.167462
0.358199
0.228487
0.311191
0.24586
0.20006
0.246586
0.174967
0.247933
0.227301
0.133434
0.093591
0.390636
0.155886
0.207378
0.197176
0.203387
0.293237
0.337675
0.351563
0.138304
0.17134
0.14316
0.13063
0.148968
0.360413
0.315317
0.242402
0.33962
0.251019
0.318112
0.168677
0.166361
0.569556
0.18643
0.24129
0.195886
0.198636
0.225155
0.135637
0.205656
0.241695
0.088514
0.10883
0.157834
0.123987
0.249722
0.317775
0.306167
0.133257
0.25758
0.115953
0.255685
0.813371
0.26386
0.157929
0.41292
0.1286
0.379894
0.16448
0.12692
0.207403
0.189788
0.123136
0.210952
0.117016
0.226149
0.132869
0.1192
0.161622
0.13274
0.339674
0.124422
0.202839
0.173088
0.261943
0.122368
0.20749
0.096077
0.185861
0.150171
0.20752
0.257335
0.317911
0.099033
0.283153
0.169025
0.124927
0.198577
0.105352
0.22239
0.228345
0.235182
0.160634
0.182973
0.177046
0.19247
0.189691
0.155695
0.150212
0.130615
0.237092
0.300003
0.106917
0.367735
0.101947
0.175444
0.206682
0.206289
0.272515
0.166478
0.155411
0.11926
0.31922
0.211278
0.212461
0.09896
0.127139
0.189831
0.33696
0.239951
0.094332
0.353511
0.202486
0.15114
0.093836
0.215914
0.204278
0.251116
0.161241
0.104072
0.161545
0.702703
0.13966
0.213878
0.206204
0.150307
0.095201
0.2396
0.377283
0.095822
0.231315
0.187511
0.183504
0.250135
0.114356
0.246205
0.220461
0.31222
0.221129
0.17769
0.155601
0.2219
0.127244
0.260206
0.137459
0.295965
0.268931
0.22404
0.280631
0.288508
0.132233
0.140686
0.249557
0.282198
0.165185
0.388732
0.16286
0.188704
0.095278
0.119457
0.253254
0.413563
0.172363
0.187382
0.242131
0.194205
0.141247
0.153759
0.164445
0.149033
0.103785
0.38033
0.258234
0.21317
0.159979
0.481399
0.185991
0.529885
0.20157
0.252891
0.16207
0.340212
0.2209
0.272366
0.286611
0.183523
0.165365
0.29011
0.148203
0.217045
0.475141
0.232457
0.144402
0.334037
0.573677
0.106085
0.188424
0.219685
0.483122
0.287786
0.229326
0.22553
0.184792
0.312657
0.117095
0.204407
0.196409
0.828974
0.385863
0.185222
0.20856
0.122532
0.215919
0.265551
0.120217
0.105482
0.181451
0.080194
0.155092
0.500166
0.158476
0.217567
0.177739
0.115333
0.118899
0.102646
0.197141
0.191033
0.230147
0.346309
0.20059
0.322217
0.214423
0.413619
0.264374
0.357325
0.1989
0.094248
0.335133
0.263787
0.246369
0.195356
0.304222
0.12506
0.283195
0.178772
0.206238
0.239254
0.21269
0.274375
0.183676
0.29865
0.103238
0.20069
0.177445
0.208363
0.279456
0.150025
0.147935
0.09749
0.179858
0.183467
0.345361
0.120966
0.129366
0.18024
0.194992
0.123605
0.073276
0.229706
0.223968
0.282599
0.235027
0.172884
0.205257
0.109107
0.189861
0.240879
0.094409
0.186299
0.338479
0.205157
0.39073
0.326903
0.153684
0.230876
0.258277
0.267664
0.291122
0.103088
0.129341
0.120472
0.237842
0.147933
0.306714
0.226371
0.162341
0.299884
0.169163
0.338383
0.134143
0.165607
0.346588
0.290265
0.153557
0.267442
0.170903
0.315095
0.221027
0.169285
0.128435
0.190273
0.213258
0.134282
0.238748
0.115667
0.441322
0.202263
0.171846
0.232434
0.301102
0.179997
0.236223
0.127728
0.1663
0.426917
0.141212
0.272653
0.133481
0.183084
0.17836
0.386824
0.412783
0.190256
0.306485
0.748351
0.19441
0.190305
0.255848
0.196394
0.237207
0.257586
0.444777
0.32701
0.161283
0.241697
0.232916
0.258185
0.34006
0.295399
0.296404
0.148059
0.242743
0.147574
0.191605
0.090349
0.132421
0.221231
0.254853
0.257768
0.329322
0.277754
0.130863
0.224968
0.096114
0.356486
0.44427
0.201567
0.408046
0.18158
0.125315
0.144428
0.269542
0.10733
0.2531
0.247118
0.134922
0.18152
0.165882
0.321651
0.420546
0.275552
0.22354
0.078429
0.299452
0.218233
0.311021
0.133011
0.201903
0.151076
0.148576
0.109743
0.124131
0.198308
0.215226
0.240253
0.246748
0.272479
0.204076
0.383274
0.234097
0.254708
0.161572
0.090362
0.160888
0.248501
0.448138
0.136751
0.076657
0.120122
0.105578
0.502894
0.291422
0.299117
0.393159
0.110007
0.129032
0.201552
0.326765
0.141874
0.299412
0.274207
0.355129
0.227741
0.142245
0.246614
0.175708
0.412672
0.180429
0.47782
0.185298
0.134289
0.209063
0.123181
0.329226
0.187251
0.204239
0.325662
0.190631
0.174469
0.139099
0.156437
0.129583
0.078462
0.06727
0.165007
0.163707
0.169293
0.240845
0.103816
0.224155
0.285937
0.121196
0.144782
0.369314
0.326959
0.389013
0.500728
0.184568
0.26486
0.254143
0.229848
0.264763
0.135294
0.193657
0.19623
0.186434
0.280359
0.371365
0.124166
0.104148
0.262872
0.182814
0.339563
0.325981
0.272134
0.365029
0.499882
0.100169
0.275825
0.211243
0.302664
0.305152
0.212769
0.144612
0.127521
0.10012
0.237508
0.207214
0.19629
0.299109
0.169451
0.109601
0.183708
0.090529
0.142783
0.229385
0.19146
0.398221
0.265037
0.131565
0.280261
0.154117
0.120865
0.298237
0.244937
0.153374
0.146244
0.298145
0.107849
0.262357
0.116345
0.143153
0.089116
0.188045
0.207116
0.21808
0.193088
0.250335
0.108685
0.241011
0.147729
0.2148
0.158768
0.240986
0.075527
0.417912
0.173862
0.138317
0.200335
0.269246
0.205214
0.238194
0.156693
0.167137
0.07538
0.240104
0.280041
0.227028
0.228179
0.214871
0.6259
0.394322
0.195304
0.432216
0.173821
0.193844
0.405292
0.204416
0.116945
0.311571
0.132368
0.268926
0.113312
0.215781
0.178905
0.217986
0.182697
0.18906
0.411259
0.254184
0.116781
0.466113
0.153368
0.077598
0.133245
0.171338
0.139664
0.210686
0.174842
0.353243
0.136518
0.131969
0.201444
0.191946
0.170127
0.170544
0.139239
0.224232
0.217453
0.28919
0.175539
0.168858
0.188114
0.18958
0.233548
0.141042
0.296849
0.141147
0.128677
0.15787
0.224787
0.383581
0.214055
0.192562
0.357089
0.659425
0.210819
0.195472
0.14149
0.125918
0.096968
0.270451
0.214181
0.204539
0.473776
0.176574
0.181115
0.157982
0.143744
0.592442
0.105053
0.154206
0.220496
0.206734
0.251107
0.242993
0.413991
0.139355
0.238459
0.283133
0.182076
0.179567
0.361494
0.296109
0.124427
0.142471
0.193618
0.43016
0.222624
0.31261
0.183104
0.106539
0.42906
0.461812
0.169385
0.112536
0.129523
0.15631
0.24577
0.183203
0.322336
0.293231
0.28351
0.131902
0.202823
0.368152
0.163719
0.62222
0.398041
0.127437
0.186882
0.124158
0.297406
0.169689
0.192418
0.121374
0.266242
0.213642
0.406919
0.19465
0.292055
0.231551
0.179522
0.241566
0.375321
0.137227
0.301356
0.294078
0.210732
0.255753
0.179233
0.205781
0.32709
0.393368
0.246628
0.560644
0.256371
0.221419
0.106885
0.269068
0.220096
0.176251
0.272213
0.380912
0.164633
0.147908
0.353054
0.272659
0.229342
0.239577
0.146977
0.174499
0.188883
0.224668
0.425266
0.371849
0.13363
0.183441
0.183607
0.141206
0.074773
0.281336
0.131605
0.141094
0.127544
0.255203
0.166285
0.327414
0.138078
0.254417
0.296809
0.196268
0.122681
0.170944
0.182657
0.082009
0.23226
0.156671
0.135818
0.4317
0.211628
0.213304
0.196326
0.127947
0.159057
0.097273
0.139151
0.201878
0.150585
0.097063
0.15149
0.271789
0.923685
0.104391
0.105903
0.495224
0.495562
0.112671
0.264652
0.278087
0.211193
0.164154
0.175494
0.139229
0.209435
0.172176
0.146805
0.216729
0.266191
0.147388
0.257655
0.264842
0.272388
0.109483
0.135453
0.15481
0.131115
0.172658
0.200508
0.27053
0.126322
0.140439
0.170517
0.283911
0.131644
0.143579
0.113691
0.213085
0.236538
0.200881
0.220913
0.159853
0.247127
0.137933
0.156471
0.291061
0.291373
0.154662
0.126476
0.293034
0.136362
0.111899
0.282607
0.51253
0.180061
0.150153
0.206453
0.191282
0.169673
0.227764
0.187565
0.173189
0.205648
0.166277
0.146664
0.189269
0.114629
0.22876
0.255468
0.223356
0.148826
0.157727
0.175015
0.160882
0.373828
0.120523
0.122819
0.139937
0.151726
0.369079
0.139352
0.245225
0.205932
0.128664
0.55561
0.275395
0.095285
0.166198
0.219026
0.257713
0.472965
0.279197
0.100385
0.173126
0.125884
0.21466
0.206997
0.433649
0.191743
0.197988
0.132798
0.136768
0.278598
0.218357
0.29172
0.132086
0.152993
0.161412
0.201421
0.151769
0.201355
0.184844
0.178746
0.108588
0.220701
0.420839
0.097268
0.098838
0.146551
0.272313
0.314958
0.284888
0.176344
0.142525
0.15885
0.306372
0.175287
0.22117
0.293215
0.376296
0.182476
0.213796
0.137874
0.305121
0.087717
0.211565
0.20882
0.12309
0.280928
0.090286
0.130287
0.182515
0.15907
0.230522
0.191814
0.259139
0.178223
0.328422
0.419237
0.205883
0.22795
0.215003
0.206451
0.079695
0.285947
0.202829
0.166508
0.197877
0.123395
0.299147
0.184221
0.147319
0.277347
0.237539
0.177347
0.200375
0.149199
0.139008
0.12605
0.334468
0.086972
0.215933
0.455793
0.164978
0.224758
0.240928
0.536016
0.195561
0.127195
0.243779
0.215324
0.132408
0.136562
0.437603
0.238169
0.229714
0.201916
0.240534
0.198395
0.228831
0.273706
0.435135
0.397903
0.135076
0.486067
0.181231
0.184978
0.126554
0.245466
0.304691
0.180338
0.21048
0.178309
0.199939
0.120622
0.077482
0.270431
0.1393
0.217617
0.297137
0.191194
0.274367
0.190439
0.183768
0.28772
0.282176
0.305128
0.094365
0.273348
0.295599
0.273831
0.101498
0.105377
0.110887
0.152658
0.216664
0.198062
0.138529
0.396792
0.394793
0.156099
0.158644
0.114583
0.10942
0.121442
0.236368
0.263727
0.130753
0.279001
0.289939
0.181495
0.280119
0.168189
0.087759
0.156162
0.209305
0.192357
0.301142
0.142125
0.146707
0.156013
0.175824
0.354323
0.476933
0.521594
0.251809
0.23667
0.126675
0.214169
0.263294
0.142688
0.262306
0.212987
0.162779
0.195355
0.218854
0.215196
0.340853
0.375197
0.132379
0.214031
0.241912
0.329844
0.278386
0.292547
0.202373
0.263773
0.303182
0.2796
0.410622
0.21982
0.099919
0.339016
0.126876
0.225555
0.164724
0.20744
0.190643
0.125557
0.28625
0.238941
0.247352
0.160175
0.186191
0.31856
0.185828
0.101159
0.076124
0.20127
0.128229
0.091698
0.252023
0.168928
0.230297
0.158386
0.275559
0.14235
0.093429
0.190946
0.190063
0.119829
0.20701
0.525664
0.378565
0.117343
0.329468
0.190182
0.291184
0.118418
0.337892
0.24301
0.312367
0.136509
0.121162
0.276367
0.218495
0.149345
0.132023
0.157924
0.203549
0.202825
0.142964
0.104896
0.176048
0.118061
0.208877
0.256602
0.150694
0.153646
0.096436
0.243144
0.111627
0.187392
0.078233
0.232499
0.212741
0.252336
0.212087
0.18014
0.195256
0.094474
0.156409
0.133857
0.235045
0.175891
0.285558
0.08178
0.128883
0.120346
0.176166
0.096475
0.168012
0.133649
0.118641
0.168763
0.199707
0.105529
0.106528
0.274084
0.365296
0.293038
0.11529
0.137951
0.457545
0.218377
0.141911
0.147059
0.243368
0.114819
0.189986
0.159317
0.343724
0.172095
0.159535
0.248853
0.342593
0.137945
0.270683
0.288234
0.103526
0.229124
0.268627
0.266004
0.157659
0.153296
0.143295
0.370726
0.129823
0.195288
0.163178
0.183026
0.174943
0.174697
0.122111
0.221667
0.286679
0.10802
0.196094
0.090102
0.181304
0.263979
0.372212
0.266149
0.175517
0.263912
0.298858
0.241597
0.095886
0.378332
0.333152
0.234238
0.164566
0.185575
0.163729
0.30041
0.184224
0.171032
0.181172
0.243813
0.188041
0.224717
0.323737
0.301469
0.097726
0.451231
0.082013
0.10909
0.282422
0.14546
0.234632
0.393749
0.229452
0.179197
0.099004
0.138612
0.329862
0.246434
0.157955
0.30215
0.203862
0.120879
0.271169
0.22797
0.142942
0.095451
0.358091
0.281894
0.198701
0.132275
0.099879
0.130964
0.503118
0.127809
0.327411
0.170492
0.129887
0.324147
0.439226
0.140727
0.353325
0.461752
0.142205
0.289285
0.217326
0.103169
0.15853
0.078592
0.213532
0.089276
0.14118
0.612765
0.125907
0.195987
0.166433
0.213959
0.122206
0.321553
0.212131
0.220564
0.342443
0.123397
0.590578
0.318145
0.18895
0.343541
0.296872
0.169138
0.297697
0.163371
0.165903
0.335105
0.188002
0.176713
0.142777
0.146066
0.1653
0.111633
0.175478
0.185828
0.147847
0.153491
0.382238
0.171162
0.081216
0.302738
0.188181
0.176267
0.102223
0.224036
0.25778
0.276528
0.2217
0.120683
0.422035
0.311227
0.120496
0.255368
0.180867
0.442682
0.222412
0.266266
0.285112
0.293325
0.14032
0.266733
0.200345
0.130769
0.175666
0.164581
0.184914
0.227349
0.225767
0.091201
0.221225
0.087411
0.095667
0.152019
0.082735
0.087696
0.193031
0.16258
0.203262
0.08827
0.181783
0.137518
0.107179
0.215194
0.262066
0.109876
0.29118
0.249473
0.118008
0.217386
0.188975
0.179944
0.284288
0.218793
0.258738
0.172038
0.081749
0.403402
0.188045
0.184766
0.165183
0.226999
0.2022
0.273148
0.166473
0.208252
0.115176
0.325744
0.256895
0.181284
0.213137
0.236347
0.172315
0.145067
0.164534
0.48117
0.117332
0.384492
0.246905
0.268251
0.163258
0.284533
0.142309
0.450293
0.141231
0.2329
0.364546
0.269822
0.188447
0.168833
0.220471
0.109443
0.213257
0.22407
0.358288
0.208555
0.299025
0.130933
0.104978
0.128473
0.225622
0.188283
0.175868
0.278237
0.281532
0.159606
0.225986
0.1713
0.156101
0.300226
0.206259
0.180311
0.259547
0.132217
0.141193
0.40805
0.131305
0.325254
0.366995
0.207707
0.241573
0.144266
0.361972
0.364436
0.148457
0.296684
0.189164
0.183588
0.147723
0.314243
0.110703
0.21586
0.335218
0.117856
0.263362
0.262303
0.339399
0.156081
0.244291
0.391085
0.454481
0.137611
0.309391
0.240533
0.165313
0.316553
0.259902
0.235636
0.133228
0.233258
0.339628
0.121101
0.180239
0.333746
0.593971
0.13824
0.395077
0.267077
0.162904
0.558678
0.147057
0.188802
0.278464
0.249689
0.189171
0.386363
0.127404
0.142829
0.259584
0.233368
0.262995
0.167427
0.227434
0.487708
0.239072
0.227587
0.281671
0.254499
0.215579
0.291138
0.235498
0.158218
0.228546
0.243299
0.253295
0.1527
0.193252
