95.722603
0.293934
0.218572
0.153035
0.421797
0.067262
0.22356
0.291487
0.14999
0.12988
0.116273
0.184066
0.116536
0.119515
0.086174
0.775004
0.079237
0.059855
0.034628
0.02478
0.111013
0.02406
0.039039
0.01293
0.025706
0.056806
0.038491
0.071883
0.017148
0.030429
0.043795
0.0135
0.017785
0.076096
0.042917
0.050362
0.035182
0.041163
0.017572
0.048081
0.056256
0.05663
0.016128
0.016604
0.073366
0.048377
0.044999
0.103779
0.077144
0.05756
0.06499
0.408046
0.056501
0.07035
0.011376
0.011985
0.032104
0.032075
0.032959
0.015098
0.016729
0.060916
0.031423
0.027491
0.036121
0.027272
0.027022
0.040814
0.027854
0.010914
0.033948
0.03926
0.017123
0.038688
0.015286
0.089734
0.084156
0.012011
0.068215
0.016444
0.056911
0.024742
0.036982
0.031824
0.014601
0.0394
0.087865
0.023729
0.013369
0.025065
5.942071
0.049993
0.010797
0.020597
0.024148
0.022683
0.223195
0.025332
0.041259
0.03657
0.0171
0.030051
0.030244
0.0104
0.012046
0.031427
0.021781
0.146548
0.012422
0.014596
0.026981
0.017163
0.014848
0.008671
0.026727
0.026405
0.025438
0.021473
0.017461
0.023656
0.026172
0.019649
0.015044
0.051226
0.041574
0.041579
0.036263
0.019947
0.007034
0.041015
0.015525
0.009845
0.021968
0.008652
0.016963
0.019384
0.025832
0.045973
0.049791
0.086331
0.016898
0.029406
0.014807
0.017179
0.009016
0.020689
0.02187
0.014773
0.020723
0.006951
0.007001
0.044075
0.050912
0.050046
0.024502
0.020225
0.020929
0.019156
0.019442
0.020438
0.008808
0.016083
0.010087
0.017922
0.009078
0.01227
0.02159
0.016144
0.013469
0.026908
0.021924
0.071231
0.089685
0.0284
0.009873
0.018574
0.016635
0.020636
0.016134
0.015413
0.020563
0.015562
0.026478
0.070942
0.015248
0.008565
0.016953
0.013646
0.014182
0.029282
0.06346
0.030335
0.029093
0.02602
0.009636
0.022338
0.006225
0.044583
0.008587
0.012501
0.007305
0.008843
0.007652
0.006383
0.011405
0.009387
0.008197
0.007665
0.007965
0.008669
0.008025
0.010603
0.00841
0.005325
0.009227
0.012808
0.007263
0.005547
0.00833
0.009319
0.008298
0.008294
0.007178
0.006457
0.010219
0.005294
0.006798
0.005192
0.012542
0.009291
0.032214
0.01214
0.015037
0.009576
0.009322
0.010728
0.008576
0.007283
0.008059
0.006816
0.006591
0.00711
0.007444
0.00909
0.006925
0.005002
0.008894
0.009807
0.061721
0.035589
0.012264
0.007845
0.007922
0.007581
0.009398
0.009196
0.006437
0.008713
0.010645
0.009303
0.007772
0.006451
0.007067
0.009256
0.006559
0.008074
0.007366
0.010424
0.010007
0.005495
0.005194
0.008758
0.009608
0.006579
0.009863
0.007019
0.007078
0.012914
0.008111
0.009254
0.00683
0.011527
0.004783
0.006613
0.007638
0.008896
0.006556
0.007993
0.005722
0.012817
0.007177
0.009746
0.012371
0.007019
0.012257
0.009301
0.009266
0.00896
0.008862
0.005007
0.00929
0.009887
0.007099
0.005579
0.00581
0.009183
0.006848
0.007701
0.00665
0.005022
0.007263
0.003829
0.014014
0.00817
0.005802
0.009622
0.009444
0.007498
0.005691
0.011464
0.012667
0.005063
0.008933
0.009431
0.005324
0.008
0.009144
0.005692
0.00475
0.008133
0.008299
0.008591
0.007692
0.007577
0.00873
0.010106
0.008878
0.007981
0.004296
0.007624
0.006089
0.007544
0.007252
0.006852
0.007848
0.006145
0.006424
0.01436
0.01927
0.008821
0.006621
0.007996
0.013589
0.027469
0.043461
0.012053
0.008223
0.005423
0.007476
0.007933
0.009668
0.008159
0.008465
0.008612
0.01001
0.009983
0.007259
0.010238
0.007757
0.005976
0.010139
0.010528
0.009883
0.010928
0.004112
0.007448
0.015156
0.007897
0.00908
0.006037
0.013411
0.007273
0.010081
0.009163
0.007789
0.010859
0.008743
0.005992
0.006681
0.008576
0.007449
0.008014
0.00367
0.004699
0.008501
0.007147
0.005641
0.008771
0.00784
0.006211
0.008745
0.008335
0.007206
0.005715
0.00825
0.00886
0.018489
0.007417
0.007764
0.009045
0.006264
0.008818
0.007145
0.007462
0.009224
0.006468
0.008597
0.010111
0.008058
0.009175
0.008387
0.009552
0.00649
0.005101
0.005044
0.009767
0.009867
0.005923
0.007695
0.006136
0.005079
0.007448
0.010059
0.009632
0.005228
0.006347
0.007375
0.006923
0.005769
0.005884
0.009948
0.007332
0.008349
0.009412
0.00533
0.011485
0.00611
0.007314
0.009994
0.007266
0.005872
0.006187
0.007846
0.011567
0.005884
0.008468
0.005159
0.00845
0.00749
0.006606
0.009534
0.006506
0.007951
0.007639
0.005913
0.008019
0.007834
0.011928
0.009487
0.00626
0.006825
0.009674
0.011299
0.010133
0.007529
0.006692
0.00789
0.009089
0.005491
0.007955
0.01347
0.007994
0.006584
0.009176
0.007207
0.008179
0.008869
0.006663
0.005092
0.007952
0.00904
0.009563
0.008784
0.005673
0.009564
0.007551
0.006436
0.004654
0.008627
0.008215
0.007683
0.006246
0.007182
0.006328
0.007076
0.00388
0.007438
0.005532
0.009708
0.008919
0.007331
0.011928
0.005526
0.009404
0.005898
0.011002
0.005063
0.009134
0.006427
0.01003
0.006524
0.003939
0.007016
0.007493
0.009155
0.006995
0.007381
0.006667
0.008251
0.005734
0.004874
0.007006
0.010001
0.007832
0.007325
0.0085
0.009533
0.006161
0.006759
0.006065
0.007317
0.006593
0.00787
0.006702
0.007808
0.006968
0.006488
0.007937
0.008681
0.004283
0.007867
0.00568
0.007988
0.005568
0.008279
0.008425
0.006276
0.010913
0.008652
0.007653
0.006789
0.009218
0.00986
0.007323
0.009963
0.004979
0.005433
0.006159
0.008124
0.009229
0.00959
0.00682
0.007704
0.008642
0.007039
0.010764
0.007908
0.006883
0.006781
0.011756
0.00925
0.010392
0.009705
0.006217
0.005865
0.007714
0.00665
0.007112
0.005547
0.005077
0.007114
0.008617
0.006858
0.009229
0.011087
0.005057
0.009226
0.00737
0.008805
0.009888
0.007097
0.00883
0.007858
0.00733
0.007089
0.00673
0.007778
0.007448
0.008337
0.00604
0.010577
0.010608
0.009868
0.007134
0.007293
0.003611
0.008324
0.006957
0.005064
0.007767
0.012455
0.003785
0.005084
0.006082
0.007495
0.008974
0.007817
0.009399
0.011545
0.008989
0.008243
0.006663
0.008819
0.005712
0.008031
0.008265
0.006708
0.008219
0.006235
0.008925
0.014521
0.014347
0.011027
0.0087
0.005689
0.005131
0.010313
0.005565
0.010219
0.006521
0.007833
0.006652
0.007303
0.008455
0.008456
0.005946
0.005712
0.01052
0.00953
0.008631
0.006257
0.006946
0.00503
0.005592
0.008221
0.007838
0.004645
0.00885
0.006054
0.006948
0.008744
0.008648
0.006141
0.009149
0.007969
0.007336
0.007449
0.01145
0.010887
0.006803
0.009152
0.004297
0.007817
0.006631
0.008269
0.007157
0.008147
0.00904
0.009642
0.007523
0.006258
0.012777
0.012964
0.009151
0.007378
0.010168
0.011376
0.009517
0.008989
0.010249
0.009389
0.006509
0.007863
0.01039
0.005798
0.008916
0.007758
0.008302
0.008251
0.005557
0.008348
0.008261
0.009037
0.006049
0.008454
0.006342
0.007169
0.008605
0.008204
0.006972
0.007585
0.006665
0.008744
0.007941
0.009465
0.00867
0.009497
0.008232
0.005885
0.006039
0.010533
0.005447
0.003968
0.007341
0.008596
0.008988
0.006167
0.009093
0.010642
0.007971
0.008119
0.007654
0.007587
0.007827
0.008194
0.00848
0.007987
0.008174
0.008814
0.005752
0.009128
0.008736
0.008575
0.009975
0.008053
0.008092
0.008989
0.00579
0.008261
0.0081
0.006316
0.006781
0.009705
0.009476
0.00658
0.007683
0.006802
0.005847
0.013398
0.00956
0.009742
0.011499
0.007541
0.010327
0.008455
0.008094
0.01019
0.009482
0.008646
0.005102
0.006959
0.009268
0.008845
0.007315
0.007031
0.010056
0.008045
0.003738
0.010119
0.006935
0.007873
0.008115
0.008563
0.008568
0.006219
0.008565
0.008353
0.009696
0.00902
0.009144
0.00843
0.0078
0.006853
0.008428
0.008468
0.00485
0.008373
0.007075
0.006754
0.007524
0.008094
0.00949
0.01254
0.007639
0.007902
0.007716
0.005344
0.026042
0.0124
0.008733
0.012635
0.010738
0.007242
0.015355
0.019119
0.006753
0.005003
0.007079
0.00519
0.007377
0.006567
0.011505
0.014213
0.008268
0.005721
0.00713
0.006207
0.00747
0.007783
0.006276
0.002789
0.008918
0.011521
0.007258
0.008231
0.005284
0.006114
0.005809
0.009356
0.006174
0.005938
0.009029
0.007869
0.006498
0.008717
0.007295
0.008448
0.009718
0.005253
0.007868
0.006751
0.003763
0.007311
0.00612
0.008078
0.004714
0.00717
0.005926
0.007213
0.004264
0.007302
0.004982
0.009359
0.008344
0.005612
0.007603
0.004828
0.008625
0.006623
0.007536
0.008535
0.007094
0.006269
0.007571
0.00744
0.006744
0.00801
0.007494
0.005774
0.006493
0.004735
0.006902
0.006556
0.004863
0.007187
0.00658
0.007388
0.007364
0.007434
0.006136
0.007262
0.006683
0.00615
0.006189
0.007511
0.008964
0.004954
0.0072
0.007902
0.006404
0.006719
0.007952
0.006862
0.007613
0.008048
0.006053
0.005307
0.007491
0.008663
0.004712
0.004048
0.006119
0.006073
0.006451
0.008965
0.00644
0.007321
0.006153
0.008512
0.006275
0.005825
0.005999
0.007614
0.007544
0.006382
0.005619
0.007145
0.006707
0.006957
0.006541
0.006936
0.00791
0.00763
0.002718
0.006371
0.005431
0.008039
0.007553
0.004794
0.009206
0.007902
0.008695
0.007046
0.008147
0.004379
0.007675
0.008011
0.007219
0.007027
0.006569
0.006796
0.005434
0.008044
0.008115
0.006781
0.003972
0.003992
0.004628
0.007603
0.008304
0.008796
0.005148
0.006627
0.008531
0.005836
0.008951
0.006069
0.006188
0.007645
0.006577
0.007014
0.004942
0.004515
0.007803
0.003918
0.007529
0.008901
0.007048
0.004999
0.006531
0.006109
0.006721
0.006399
0.004189
0.005752
0.007831
0.00651
0.007021
0.007592
0.004798
0.005703
0.009
0.007485
0.004291
0.025011
0.006259
0.006733
0.004558
0.002753
0.005456
0.005884
0.008658
0.004949
0.004117
0.008067
0.006926
0.007535
0.007928
0.005249
0.006283
0.008417
0.009219
0.006798
0.006728
0.008199
0.002891
0.007048
0.00959
0.004948
0.010497
0.008907
0.007339
0.004291
0.006894
0.007228
0.007086
0.00594
0.00686
0.003879
0.005039
0.007224
0.007466
0.006567
0.006277
0.005483
0.007472
0.006563
0.005971
0.00703
0.009243
0.002809
0.008495
0.006409
0.007701
0.005423
0.008371
0.006801
0.006809
0.005754
0.00475
0.007148
0.006417
0.006905
0.006001
0.008681
0.004269
0.006502
0.007943
0.008131
0.002873
0.006082
0.007144
0.005002
0.00775
0.007703
0.006549
0.005362
0.007028
0.00576
0.004537
0.009479
0.006254
0.006181
0.006487
0.0059
0.007648
0.00761
0.005139
0.005079
0.009354
0.008113
0.006226
0.004036
0.006711
0.004091
0.009066
0.007468
0.00768
0.008049
0.00569
0.004905
0.007094
0.004662
0.010633
0.008844
0.009588
0.006254
0.009315
0.008126
0.007092
0.006492
0.008035
0.005849
0.005067
0.003902
0.006764
0.00718
0.008778
0.007263
0.008175
0.005298
0.005684
0.006648
0.006343
0.008144
0.006326
0.008571
0.006362
0.006679
0.00663
0.006079
0.00712
0.005685
0.00499
0.005048
0.00683
0.002828
0.005864
0.005027
0.007083
0.010871
0.007293
0.006755
0.008622
0.007628
0.006928
0.007258
0.005068
0.007944
0.006295
0.007507
0.005575
0.006806
0.005713
0.006746
0.007468
0.007593
0.004639
0.005287
0.005115
0.004819
0.005974
0.005636
0.006661
0.008727
0.007687
0.008609
0.006015
0.008187
0.007329
0.006824
0.007097
0.005953
0.007428
0.007184
0.00868
0.007579
0.007471
0.005896
0.009265
0.00377
0.00597
0.007738
0.0087
0.00785
0.005272
0.005029
0.011187
0.007668
0.008134
0.009059
0.007154
0.012813
0.003583
0.00747
0.012789
0.004689
0.005978
0.006855
0.005126
0.009312
0.006122
0.00406
0.0059
0.006555
0.005046
0.005838
0.004902
0.005536
0.003315
0.004879
0.007508
0.009477
0.014069
0.008612
0.01074
0.010086
0.008947
0.010568
0.011423
0.011381
0.013138
0.008293
0.009894
0.011977
0.010409
0.009085
0.009071
0.008942
0.008761
0.013065
0.008028
0.009211
0.010205
0.006682
0.010785
0.008651
0.009371
0.013813
0.009472
0.007471
0.008462
0.008482
0.010622
0.010049
0.006744
0.012059
0.00933
0.009868
0.011131
0.011509
0.008825
0.006169
0.008957
0.00849
0.009076
0.008866
0.009232
0.010485
0.010188
0.010077
0.012503
0.010439
0.006522
0.006256
0.006979
0.009494
0.007036
0.008226
0.006571
0.007693
0.005163
0.00812
0.007404
0.00731
0.009179
0.006138
0.00535
0.006405
0.008137
0.00746
0.006649
0.008845
0.00616
0.008812
0.006226
0.008019
0.008104
0.005945
0.012668
0.008268
0.00812
0.006964
0.006197
0.00767
0.006337
0.006058
0.005469
0.007353
0.003265
0.006523
0.011931
0.009555
0.01377
0.009318
0.009158
0.008975
0.008781
0.00991
0.005517
0.014003
0.010382
0.009
0.005934
0.011484
0.008306
0.010052
0.007996
0.007682
0.007119
0.011435
0.007008
0.009318
0.010119
0.00601
0.01119
0.007561
0.006655
0.01005
0.00573
0.003808
0.01156
0.011038
0.016509
0.010705
0.007225
0.008478
0.010128
0.008175
0.008654
0.009642
0.007781
0.010272
0.009732
0.007687
0.010028
0.007445
0.006049
0.009283
0.008864
0.008611
0.011336
0.009999
0.004306
0.012668
0.008884
0.008521
0.010882
0.006301
0.007054
0.010096
0.00863
0.009829
0.010535
0.01304
0.009538
0.006406
0.009664
0.007969
0.006905
0.005304
0.00735
0.004358
0.008
0.005992
0.00468
0.006938
0.008138
0.004995
0.008945
0.006918
0.005603
0.010356
0.006581
0.008803
0.004879
0.007172
0.006618
0.007303
0.005715
0.007549
0.008932
0.008853
0.007767
0.007612
0.007752
0.007135
0.005767
0.006513
0.007065
0.007479
0.004685
0.00445
0.007351
0.013246
0.006741
0.004027
0.008536
0.009317
0.00654
0.007183
0.004866
0.008139
0.006739
0.006436
0.007823
0.009887
0.009857
0.008166
0.006167
0.004907
0.007344
0.006909
0.005375
0.00824
0.008144
0.008129
0.007722
0.007396
0.005976
0.009215
0.007295
0.007257
0.005975
0.009662
0.006222
0.00824
0.007414
0.007496
0.008446
0.004095
0.007996
0.005208
0.006022
0.007079
0.008529
0.00683
0.007746
0.004924
0.006124
0.009634
0.005475
0.006743
0.005213
0.007262
0.007427
0.006939
0.004931
0.005125
0.006623
0.006221
0.005009
0.005838
0.006381
0.003777
0.006554
0.007524
0.009416
0.008269
0.005935
0.007397
0.008592
0.010428
0.007606
0.004515
0.008118
0.005784
0.006034
0.006349
0.006333
0.005984
0.006466
0.006716
0.007293
0.006002
0.006605
0.00778
0.006641
0.009015
0.007712
0.004944
0.005863
0.010119
0.006377
0.00673
0.005465
0.004969
0.004615
0.00698
0.004843
0.006338
0.007517
0.011254
0.007802
0.007239
0.006084
0.008562
0.006572
0.003986
0.009489
0.006288
0.007752
0.007304
0.007518
0.008628
0.007095
0.004796
0.004921
0.006018
0.0093
0.012067
0.01296
0.007999
0.006249
0.007905
0.009195
0.007324
0.006379
0.00485
0.008822
0.009852
0.011411
0.01019
0.009866
0.006508
0.009055
0.007143
0.004771
0.009241
0.007505
0.006379
0.005513
0.007624
0.00548
0.009499
0.008908
0.010188
0.00335
0.006539
0.004332
0.005383
0.005604
0.00845
0.008347
0.006679
0.00904
0.007984
0.007564
0.011996
0.009058
0.007676
0.00608
0.007594
0.004243
0.006873
0.006933
0.005088
0.007677
0.007517
0.006887
0.010568
0.006583
0.007584
0.006334
0.003442
0.005454
0.011677
0.005362
0.006568
0.007904
0.005754
0.005031
0.007096
0.008036
0.005368
0.007072
0.00761
0.007324
0.007775
0.007258
0.006681
0.00811
0.005046
0.005186
0.007696
0.006369
0.006853
0.002883
0.004574
0.005143
0.009555
0.008099
0.00624
0.00766
0.003869
0.009376
0.008135
0.007639
0.007749
0.006729
0.005988
0.006607
0.005102
0.004731
0.005494
0.003739
0.005542
0.006508
0.007521
0.00645
0.00792
0.006092
0.006467
0.007531
0.007371
0.006943
0.008769
0.00709
0.008933
0.009971
0.0077
0.006358
0.005952
0.007788
0.006045
0.007252
0.005538
0.007441
0.007465
0.006641
0.007149
0.00784
0.008053
0.006402
0.009594
0.01001
0.009861
0.011553
0.011084
0.010129
0.011747
0.013001
0.007139
0.005964
0.005485
0.008132
0.005876
0.005969
0.003883
0.005349
0.003764
0.007473
0.00597
0.006302
