70.694299
0.349764
0.648723
0.329965
0.596016
0.230296
0.012262
0.137763
0.125627
0.143922
0.770167
0.213296
0.010812
0.317426
0.198375
0.1993
0.20869
0.009932
0.123261
0.189221
0.137095
0.013191
0.132342
0.121682
0.007752
0.190995
0.122665
0.119455
0.125917
0.128517
0.118811
0.122208
0.193724
0.129253
0.120127
0.125637
0.1285
0.121845
0.013024
0.116315
0.122716
0.173674
0.127132
0.129597
0.122399
0.006475
0.176954
0.122384
0.132234
0.122755
0.004924
0.125524
0.1686
0.154214
0.065918
0.060756
0.004503
0.069055
0.108628
0.062401
0.061552
0.065557
0.058259
0.091433
0.10285
0.106341
0.061444
0.059253
0.061612
0.070759
0.05406
0.099418
0.054172
0.060605
0.004977
0.05959
0.060269
0.055882
0.104794
0.069906
0.057497
0.060761
0.058991
0.055326
0.06476
0.06758
0.096502
0.068168
0.006608
0.06374
0.095332
0.006862
0.005828
0.003922
0.06617
0.063796
0.092472
0.095496
0.062749
0.06417
0.106803
0.010344
0.11211
0.100023
0.080792
0.04884
0.048261
0.045273
0.04796
0.049582
0.050755
0.050355
0.051826
0.0039
0.077683
0.05203
0.046493
0.048948
0.079546
0.045503
0.040816
0.046278
0.003476
0.0462
0.047351
0.049034
0.046496
0.047388
0.04691
0.044721
0.046686
0.004933
0.048137
0.051723
0.050757
0.052902
0.05176
0.055358
0.070048
0.075609
0.080944
0.046606
0.049416
0.049614
0.049157
0.049398
0.04589
0.048775
0.002312
0.001983
0.078191
0.047536
0.054323
0.087206
0.074762
0.073244
0.065462
0.08546
0.07631
0.070373
0.079917
0.077323
0.080391
0.073651
0.070696
0.066431
0.075211
0.047987
0.047758
0.043935
0.047308
0.046043
0.006963
0.071085
0.004224
0.049863
0.047466
0.042739
0.00348
0.047749
0.002853
0.047146
0.075976
0.067321
0.075235
0.04697
0.003488
0.043742
0.046252
0.048576
0.064967
0.047138
0.068699
0.042558
0.003657
0.049416
0.047416
0.04765
0.070042
0.049637
0.051347
0.003671
0.004052
0.048808
0.04132
0.04562
0.047401
0.047135
0.048481
0.00536
0.047968
0.046704
0.066082
0.049718
0.046856
0.046343
0.047429
0.039525
0.04969
0.047962
0.053273
0.051285
0.041584
0.042304
0.048642
0.04491
0.046453
0.054068
0.047288
0.049382
0.050026
0.049874
0.083308
0.04606
0.064802
0.050525
0.049378
0.044104
0.045159
0.052287
0.081387
0.049813
0.002982
0.045504
0.05028
0.046234
0.044644
0.04696
0.04821
0.039957
0.048466
0.002783
0.003178
0.047851
0.039904
0.077111
0.044288
0.047508
0.046885
0.002536
0.002959
0.045883
0.039256
0.045446
0.049145
0.044691
0.051952
0.075012
0.052549
0.042808
0.00236
0.050016
0.048101
0.053143
0.074568
0.054496
0.04348
0.066216
0.046487
0.0029
0.002034
0.050506
0.038488
0.004319
0.003652
0.040376
0.048627
0.047745
0.004859
0.039531
0.050469
0.003895
0.046209
0.066142
0.050216
0.063556
0.043582
0.046746
0.002074
0.046338
0.044208
0.052632
0.048526
0.005332
0.003934
0.051867
0.051463
0.071264
0.042774
0.045086
0.045997
0.0503
0.04501
0.046577
0.074059
0.049072
0.049938
0.066579
0.004481
0.07182
0.049474
0.002597
0.043757
0.050005
0.048407
0.04654
0.048693
0.05387
0.044001
0.051818
0.047186
0.051166
0.046913
0.047045
0.044511
0.044874
0.047049
0.046134
0.053066
0.048201
0.049656
0.049756
0.043847
0.04586
0.046382
0.052255
0.051267
0.044114
0.044164
0.053587
0.037891
0.002088
0.046733
0.043618
0.048675
0.004109
0.047146
0.043201
0.003223
0.039812
0.049027
0.076535
0.046729
0.043582
0.047042
0.04654
0.049438
0.050461
0.050988
0.048455
0.04131
0.042288
0.043856
0.003696
0.003687
0.048696
0.047423
0.045688
0.047598
0.075485
0.043028
0.050638
0.051565
0.084634
0.051837
0.045994
0.003963
0.052473
0.002304
0.049544
0.049223
0.0443
0.048341
0.05061
0.00214
0.048723
0.004253
0.051926
0.049556
0.051638
0.048682
0.050934
0.047703
0.049589
0.042782
0.04756
0.04894
0.050903
0.097986
0.004218
0.054996
0.044762
0.048081
0.045162
0.047965
0.049711
0.051751
0.045849
0.042338
0.046304
0.046013
0.045983
0.043109
0.003792
0.002767
0.045107
0.04907
0.003079
0.051033
0.004277
0.048907
0.047245
0.05023
0.048436
0.003749
0.045501
0.002638
0.049786
0.003132
0.045743
0.044999
0.042669
0.044736
0.04996
0.050114
0.047945
0.04459
0.044568
0.037938
0.046635
0.076235
0.046977
0.042181
0.049402
0.073452
0.052665
0.003073
0.044685
0.056567
0.0482
0.047039
0.052389
0.05392
0.068692
0.003932
0.042347
0.047446
0.002669
0.051744
0.051052
0.049069
0.048157
0.042672
0.050937
0.049124
0.004027
0.045685
0.049614
0.048905
0.046539
0.044652
0.043546
0.043252
0.049851
0.044484
0.043986
0.048273
0.005155
0.003894
0.052912
0.046282
0.04455
0.050244
0.045271
0.069999
0.045861
0.045135
0.049974
0.048852
0.05068
0.047633
0.048088
0.042476
0.047577
0.04887
0.051083
0.048205
0.042021
0.043138
0.050402
0.046037
0.051752
0.042578
0.001916
0.050497
0.045321
0.047414
0.051008
0.046725
0.04857
0.050281
0.002498
0.043214
0.046354
0.050012
0.052368
0.048044
0.044677
0.048632
0.046107
0.039939
0.045115
0.045861
0.046103
0.051422
0.044861
0.048376
0.048288
0.046844
0.048012
0.041643
0.053227
0.081769
0.048019
0.002936
0.046431
0.047787
0.058767
0.049619
0.048311
0.045883
0.002312
0.046715
0.047907
0.055751
0.04345
0.003867
0.047346
0.054168
0.045217
0.049525
0.041553
0.050815
0.044974
0.051636
0.054765
0.046694
0.047576
0.0418
0.044053
0.048382
0.049365
0.081388
0.047681
0.004163
0.049657
0.044329
0.054802
0.002571
0.050881
0.004126
0.045533
0.043685
0.046667
0.042213
0.044736
0.048591
0.049282
0.003721
0.002702
0.045452
0.050844
0.044702
0.061819
0.003287
0.046148
0.049908
0.052601
0.043229
0.049175
0.052999
0.048411
0.04591
0.068691
0.002827
0.091922
0.041067
0.049151
0.044414
0.044128
0.002577
0.041214
0.047471
0.049317
0.048478
0.045317
0.049224
0.048372
0.002667
0.048121
0.044434
0.055732
0.077554
0.003602
0.045771
0.049044
0.002238
0.047834
0.04775
0.051863
0.048658
0.046533
0.073323
0.047386
0.043808
0.071741
0.04774
0.045973
0.055714
0.052175
0.049758
0.051161
0.048914
0.061145
0.050905
0.07908
0.056309
0.048684
0.002849
0.002297
0.002784
0.04784
0.047424
0.054845
0.07435
0.048899
0.048151
0.049857
0.049448
0.086628
0.050527
0.052698
0.003084
0.050307
0.047542
0.050587
0.046601
0.050942
0.053561
0.050013
0.043999
0.040567
0.064626
0.049656
0.048525
0.049011
0.047613
0.048433
0.04837
0.053277
0.045507
0.042823
0.05681
0.047395
0.045302
0.050113
0.048048
0.046799
0.044965
0.003203
0.041838
0.04445
0.047212
0.003984
0.042637
0.047236
0.047019
0.045392
0.045523
0.049653
0.049047
0.047516
0.047577
0.003361
0.084965
0.045486
0.046695
0.043285
0.047004
0.043283
0.048793
0.045854
0.044554
0.045846
0.045937
0.046687
0.076262
0.044301
0.045298
0.077676
0.005098
0.049991
0.050141
0.047128
0.045025
0.052015
0.046742
0.048827
0.048996
0.04456
0.046709
0.052644
0.002378
0.044278
0.074704
0.002497
0.050948
0.045143
0.044414
0.048578
0.036138
0.052407
0.054034
0.049448
0.04839
0.047504
0.048736
0.080319
0.046675
0.003035
0.047397
0.071371
0.046935
0.052444
0.05211
0.048932
0.042478
0.078709
0.051027
0.045446
0.046418
0.055898
0.042506
0.044079
0.046531
0.002421
0.046998
0.002817
0.052131
0.04985
0.048316
0.041418
0.076955
0.048964
0.041985
0.045781
0.052721
0.045841
0.047553
0.002424
0.046701
0.045116
0.049862
0.049721
0.045353
0.046074
0.049412
0.002577
0.085233
0.052677
0.046572
0.045934
0.046617
0.043949
0.049446
0.041065
0.047665
0.046175
0.045627
0.046816
0.047405
0.068681
0.048998
0.071879
0.045301
0.044914
0.047059
0.003415
0.04542
0.050674
0.050493
0.04631
0.043726
0.050423
0.051223
0.046484
0.048536
0.048571
0.046338
0.047372
0.04465
0.003085
0.004885
0.043083
0.001692
0.051397
0.045814
0.063629
0.002098
0.041915
0.001971
0.050926
0.048215
0.045831
0.051068
0.044567
0.043199
0.044945
0.049946
0.040327
0.04406
0.054075
0.050488
0.046253
0.049405
0.052235
0.04345
0.052243
0.049232
0.003125
0.002753
0.045619
0.049151
0.004423
0.003259
0.045298
0.047811
0.040857
0.004045
0.003497
0.048571
0.049639
0.048058
0.045793
0.045054
0.044561
0.049624
0.045586
0.049951
0.051242
0.076844
0.074517
0.049132
0.046352
0.046275
0.043237
0.047229
0.049813
0.08352
0.043043
0.071633
0.086016
0.002132
0.045368
0.047808
0.003706
0.069466
0.050752
0.004567
0.04871
0.042384
0.042879
0.044346
0.051867
0.046607
0.044421
0.074867
0.049979
0.046938
0.050132
0.05003
0.046267
0.047878
0.074273
0.045787
0.045658
0.07123
0.046282
0.046311
0.058828
0.048649
0.053888
0.057759
0.044895
0.046696
0.050693
0.055608
0.045163
0.038772
0.051037
0.00405
0.046068
0.041917
0.048433
0.05159
0.044315
0.069817
0.049412
0.075814
0.073656
0.050036
0.048088
0.047751
0.05182
0.054719
0.046951
0.054308
0.049753
0.048583
0.055376
0.082322
0.075776
0.069012
0.003562
0.073986
0.050392
0.049375
0.002977
0.048872
0.002233
0.050791
0.053514
0.045629
0.044974
0.043061
0.083426
0.049068
0.050095
0.052983
0.048782
0.048009
0.004578
0.033303
0.042322
0.046324
0.050263
0.050301
0.049059
0.04936
0.049305
0.052635
0.049641
0.04973
0.047628
0.04835
0.049509
0.04415
0.05213
0.047439
0.045818
0.051572
0.045907
0.045426
0.050515
0.002511
0.071371
0.075918
0.04582
0.047067
0.003918
0.045774
0.047832
0.045999
0.070312
0.053631
0.048361
0.004557
0.046814
0.046341
0.004971
0.003802
0.049147
0.045024
0.082901
0.050208
0.047096
0.048314
0.049787
0.002789
0.044496
0.054186
0.076639
0.050849
0.048959
0.048223
0.003318
0.047205
0.043146
0.047811
0.052238
0.00217
0.044221
0.002016
0.001933
0.048442
0.051977
0.046375
0.045517
0.072285
0.050555
0.043214
0.004551
0.049653
0.051208
0.004353
0.04289
0.048719
0.051836
0.044248
0.040579
0.04606
0.053187
0.052363
0.050774
0.047327
0.050183
0.050332
0.049498
0.003557
0.052357
0.003202
0.097677
0.049585
0.049373
0.046859
0.060681
0.042815
0.05189
0.042902
0.001907
0.047763
0.061735
0.040122
0.051504
0.051212
0.048839
0.04556
0.04663
0.044833
0.004404
0.076885
0.04815
0.081128
0.041242
0.051228
0.051927
0.045093
0.050522
0.068285
0.046391
0.046194
0.052757
0.002257
0.045225
0.053756
0.003301
0.048394
0.002189
0.00429
0.05297
0.052522
0.082393
0.049414
0.04563
0.074399
0.047062
0.045598
0.088833
0.051361
0.050209
0.046679
0.045358
0.047568
0.041712
0.045003
0.043094
0.002566
0.005969
0.045754
0.055057
0.044148
0.042842
0.050153
0.004269
0.046995
0.049902
0.052195
0.049205
0.043003
0.062426
0.049883
0.002527
0.044166
0.049622
0.059682
0.042603
0.050204
0.042787
0.055823
0.048434
0.043496
0.050646
0.049692
0.049845
0.00187
0.003446
0.049427
0.043452
0.047341
0.045612
0.06629
0.050229
0.002554
0.049142
0.044321
0.049377
0.050833
0.047161
0.046339
0.050411
0.046853
0.002352
0.054922
0.047828
0.042794
0.052956
0.003423
0.053286
0.051179
0.051111
0.049617
0.046193
0.041152
0.04492
0.046003
0.0464
0.075697
0.075573
0.002994
0.050986
0.003385
0.003282
0.037661
0.004582
0.045706
0.053417
0.048627
0.047989
0.048635
0.043627
0.047596
0.048853
0.052921
0.003115
0.052165
0.00375
0.045885
0.047003
0.002793
0.047144
0.043946
0.040512
0.047409
0.00227
0.045677
0.046277
0.002271
0.049522
0.060879
0.001843
0.004251
0.043264
0.041971
0.048526
0.04715
0.046173
0.044386
0.087152
0.0441
0.049461
0.047325
0.001994
0.055215
0.045267
0.046848
0.054897
0.05017
0.050109
0.059888
0.047534
0.051308
0.047371
0.002267
0.050253
0.042408
0.046048
0.047693
0.045584
0.04812
0.046445
0.047534
0.041842
0.055148
0.039769
0.067368
0.002338
0.002635
0.048261
0.055139
0.044512
0.049719
0.046841
0.048396
0.041153
0.045784
0.046604
0.046153
0.048046
0.056215
0.049668
0.051175
0.052512
0.050214
0.042578
0.050014
0.051711
0.045997
0.002011
0.052627
0.041989
0.044839
0.049114
0.046188
0.045044
0.043034
0.051371
0.045264
0.060058
0.046739
0.050748
0.048361
0.001903
0.047351
0.048505
0.047949
0.050433
0.074154
0.050401
0.04507
0.050934
0.002425
0.047319
0.039816
0.047332
0.044282
0.0495
0.045365
0.003114
0.047392
0.050171
0.045405
0.051701
0.045121
0.050205
0.06472
0.044771
0.052499
0.04676
0.039369
0.052571
0.046237
0.046219
0.045867
0.002521
0.049162
0.048162
0.048836
0.048782
0.050377
0.049787
0.048731
0.050066
0.002083
0.050395
0.045967
0.044172
0.051182
0.045242
0.045528
0.050581
0.04646
0.043209
0.046086
0.057323
0.045668
0.045576
0.04516
0.052555
0.048125
0.047088
0.04794
0.004558
0.043468
0.049134
0.05018
0.046187
0.043868
0.044867
0.049338
0.002341
0.049472
0.002228
0.064552
0.040539
0.048909
0.049149
0.044585
0.044995
0.070319
0.038965
0.003358
0.049981
0.050001
0.047533
0.045946
0.044642
0.047727
0.043302
0.003064
0.074583
0.003879
0.046963
0.040174
0.070887
0.047924
0.044097
0.047257
0.050351
0.048164
0.003111
0.049378
0.046587
0.002746
0.045454
0.054907
0.04788
0.003007
0.047404
0.046059
0.042856
0.051197
0.047491
0.040856
0.043793
0.047142
0.003308
0.057608
0.043812
0.046882
0.004397
0.044039
0.050796
0.048242
0.040323
0.045311
0.048789
0.041873
0.047744
0.002046
0.04441
0.046198
0.044058
0.002674
0.002189
0.048065
0.045724
0.048919
0.051023
0.044968
0.05129
0.061072
0.049093
0.04874
0.050452
0.038584
0.04689
0.045307
0.043347
0.048117
0.002905
0.04295
0.081897
0.048936
0.050234
0.046739
0.044032
0.054174
0.084221
0.049057
0.050581
0.042509
0.049274
0.049293
0.0548
0.046366
0.042629
0.038268
0.051306
0.051028
0.004237
0.004162
0.048737
0.03924
0.05227
0.046993
0.05459
0.003327
0.047777
0.049582
0.043233
0.048382
0.045411
0.050174
0.050285
0.044159
0.001967
0.047666
0.043733
0.042933
0.002165
0.045896
0.047458
0.066622
0.051043
0.086266
0.066246
0.049087
0.048042
0.048909
0.047086
0.050071
0.050004
0.050956
0.042067
0.043735
0.047429
0.002935
0.002473
0.002433
0.044573
0.049989
0.050872
0.042783
0.052955
0.077095
0.004563
0.051908
0.044568
0.044278
0.045108
0.049308
0.051668
0.050402
0.004192
0.045174
0.002202
0.052598
0.049161
0.049245
0.042024
0.048306
0.046717
0.078953
0.043302
0.047244
0.050198
0.047733
0.002134
0.053342
0.051722
0.048533
0.048565
0.045748
0.043034
0.044038
0.048751
0.048379
0.002202
0.048334
0.04318
0.002927
0.044851
0.046881
0.049591
0.003463
0.051317
0.051362
0.049373
0.045151
0.04628
0.047874
0.079506
0.050552
0.048838
0.052814
0.046662
0.045711
0.002444
0.048481
0.047619
0.048849
0.003198
0.076936
0.041967
0.044441
0.04578
0.074416
0.048393
0.045387
0.00233
0.003391
0.067047
0.040078
0.048343
0.047088
0.063277
0.003071
0.050457
0.067106
0.077305
0.165714
0.057242
0.070265
0.058925
0.046202
0.046727
0.001853
0.050753
0.052694
0.048782
0.041788
0.046779
0.042444
0.081312
0.00379
0.046861
0.047131
0.045911
0.052232
0.049956
0.082789
0.050891
0.047389
0.052691
0.001932
0.065523
0.047474
0.002603
0.048011
0.051283
0.068117
0.04763
0.047904
0.049527
0.083621
0.044315
0.049983
0.046327
0.004892
0.002481
0.04065
0.00272
0.045485
0.047299
0.047167
0.050192
0.077146
0.049886
0.052141
0.05146
0.049363
0.070363
0.051575
0.054898
0.048319
0.048598
0.049386
0.042353
0.046186
0.051165
0.047785
0.047295
0.061995
0.045644
0.048276
0.045889
0.046735
0.050487
0.038696
0.046084
0.046823
0.050299
0.052291
0.04851
0.040069
0.001816
0.049497
0.050176
0.048441
0.051657
0.048306
0.086794
0.073495
0.046246
0.045694
0.071911
0.070651
0.047567
0.044676
0.043583
0.049492
0.004127
0.04943
0.050484
0.051082
0.054832
0.04712
0.049519
0.051425
0.043902
0.05188
0.042555
0.046784
0.042563
