0.969068
0.328756
0.561472
0.329945
0.206951
0.201341
0.005356
0.111863
0.181946
0.236672
0.463199
0.197254
0.007601
0.187741
0.183424
0.192245
0.304388
0.005649
0.164775
0.114662
0.114831
0.007511
0.121888
0.131534
0.009984
0.126973
0.156983
0.118808
0.113119
0.11714
0.108211
0.16373
0.116967
0.116997
0.115858
0.111027
0.172239
0.111459
0.00987
0.111027
0.125689
0.114572
0.115105
0.110937
0.116678
0.006437
0.117402
0.105827
0.11711
0.114189
0.012349
0.174104
0.139914
0.050711
0.053814
0.052753
0.005305
0.09137
0.050426
0.052214
0.053341
0.050962
0.079909
0.054928
0.081516
0.086068
0.051318
0.04608
0.050057
0.051925
0.051619
0.048126
0.048924
0.050171
0.004819
0.052511
0.047108
0.052944
0.051392
0.050704
0.055929
0.079975
0.051613
0.048287
0.050011
0.085705
0.049859
0.087773
0.004899
0.080963
0.076934
0.003839
0.005868
0.00372
0.051545
0.073331
0.228252
0.079106
0.049693
0.073222
0.054889
0.00476
0.093378
0.081221
0.04068
0.038706
0.037513
0.037996
0.03281
0.039885
0.03342
0.040868
0.036286
0.003383
0.055471
0.034477
0.056783
0.038335
0.037443
0.057341
0.039215
0.053351
0.00335
0.034736
0.035297
0.058586
0.051469
0.039554
0.038731
0.038326
0.037494
0.002002
0.033441
0.040374
0.040526
0.036509
0.036468
0.053532
0.057441
0.054515
0.043397
0.034165
0.037348
0.035306
0.039205
0.035508
0.037107
0.038813
0.002038
0.004196
0.060811
0.057336
0.035925
0.052596
0.060792
0.062558
0.062873
0.060661
0.058429
0.063772
0.057373
0.060075
0.056734
0.036719
0.039412
0.039941
0.03175
0.038778
0.037438
0.035769
0.034385
0.042716
0.001942
0.035744
0.003957
0.037627
0.037696
0.031482
0.001767
0.037284
0.002121
0.039258
0.039311
0.036416
0.034376
0.041451
0.001771
0.040183
0.046185
0.03945
0.04068
0.038617
0.039767
0.036818
0.001885
0.057373
0.04039
0.035543
0.035399
0.037121
0.038683
0.002399
0.002258
0.059882
0.039667
0.035063
0.036352
0.040802
0.039092
0.002003
0.041257
0.037963
0.03725
0.03908
0.037
0.033859
0.037849
0.039602
0.036164
0.033526
0.036689
0.0395
0.059775
0.040599
0.03761
0.039735
0.040446
0.039399
0.042034
0.036107
0.03662
0.040861
0.037241
0.034659
0.036241
0.040499
0.037824
0.033642
0.038569
0.060109
0.040965
0.039287
0.001999
0.03639
0.039691
0.041353
0.036246
0.036996
0.03245
0.036083
0.036838
0.003097
0.001941
0.041352
0.037343
0.038929
0.039016
0.037592
0.039083
0.001924
0.00265
0.034261
0.034266
0.039478
0.042486
0.034393
0.037798
0.037236
0.031891
0.035148
0.002884
0.037188
0.033965
0.055378
0.034106
0.045534
0.043562
0.057154
0.037701
0.002067
0.002047
0.036716
0.038691
0.002607
0.001629
0.03454
0.038851
0.037769
0.002582
0.037565
0.039178
0.003277
0.036681
0.036931
0.041204
0.038777
0.038807
0.042415
0.001886
0.037917
0.035317
0.038598
0.033789
0.00352
0.002985
0.037904
0.04201
0.038042
0.03525
0.036379
0.0371
0.039291
0.032576
0.039851
0.041067
0.037485
0.036564
0.035628
0.003067
0.037558
0.038039
0.002757
0.034522
0.039312
0.04121
0.038014
0.034651
0.040501
0.038932
0.038461
0.037555
0.035487
0.036108
0.039428
0.037461
0.032944
0.034402
0.038557
0.038495
0.036833
0.039618
0.036263
0.037663
0.041644
0.035649
0.041767
0.039662
0.0372
0.034886
0.039137
0.036659
0.002189
0.038368
0.037169
0.034503
0.002242
0.039242
0.040642
0.002316
0.035161
0.03943
0.040945
0.036633
0.037519
0.038733
0.033745
0.03904
0.034293
0.040543
0.051783
0.034209
0.038103
0.035871
0.001512
0.003674
0.036227
0.043256
0.035491
0.038203
0.038995
0.037771
0.036785
0.035586
0.03621
0.033505
0.035902
0.002258
0.036836
0.003253
0.039843
0.038895
0.039398
0.039577
0.041662
0.001593
0.034448
0.003663
0.033563
0.037298
0.040831
0.034656
0.040362
0.033776
0.038874
0.036008
0.034982
0.049339
0.062213
0.058856
0.00341
0.040345
0.039224
0.033206
0.052488
0.050907
0.03932
0.037048
0.05448
0.036354
0.036149
0.036734
0.037111
0.033537
0.003117
0.003582
0.03737
0.034749
0.00229
0.037665
0.002535
0.037184
0.037777
0.034927
0.06136
0.002996
0.039133
0.0026
0.038105
0.002238
0.043379
0.032895
0.037493
0.036405
0.036662
0.03939
0.033962
0.055797
0.039569
0.035916
0.034236
0.038454
0.041516
0.035482
0.031594
0.03842
0.036316
0.003358
0.035212
0.035772
0.034861
0.036456
0.037996
0.035156
0.042206
0.003118
0.036344
0.033816
0.00203
0.036491
0.036666
0.034842
0.037353
0.038398
0.032742
0.035542
0.001653
0.039057
0.038706
0.037173
0.038899
0.039221
0.035127
0.060723
0.034908
0.03631
0.036166
0.034951
0.001722
0.002861
0.037997
0.034882
0.037486
0.036124
0.03869
0.037752
0.037226
0.039093
0.038957
0.036737
0.035561
0.04076
0.036838
0.038744
0.039631
0.040478
0.037852
0.035132
0.039699
0.036301
0.038811
0.033497
0.034712
0.038352
0.001888
0.034131
0.033014
0.041059
0.038273
0.039017
0.035049
0.036683
0.003777
0.035945
0.038292
0.050464
0.037981
0.041159
0.038928
0.037291
0.038605
0.036597
0.038563
0.034664
0.036907
0.040112
0.039135
0.036595
0.036179
0.035112
0.041432
0.03291
0.041032
0.04024
0.038203
0.002483
0.037844
0.03703
0.037691
0.036642
0.035795
0.034112
0.00283
0.03874
0.040691
0.035532
0.037052
0.001971
0.031125
0.035455
0.036622
0.03671
0.038175
0.038328
0.035826
0.033636
0.039148
0.040771
0.035157
0.034217
0.035169
0.036209
0.034826
0.039334
0.034242
0.002299
0.050466
0.035151
0.047368
0.002327
0.032902
0.001788
0.050815
0.035496
0.037627
0.040754
0.039681
0.036178
0.03417
0.0018
0.002716
0.038394
0.031985
0.040166
0.034371
0.001743
0.035716
0.039126
0.035874
0.035036
0.033803
0.041829
0.040789
0.049691
0.038654
0.002539
0.040578
0.032214
0.03684
0.040567
0.045829
0.002271
0.037021
0.034606
0.03606
0.038717
0.038276
0.037391
0.040078
0.002191
0.036988
0.033605
0.039679
0.038377
0.002946
0.039763
0.038833
0.002667
0.036099
0.03535
0.037022
0.038499
0.033898
0.038632
0.039218
0.034141
0.041668
0.038598
0.037814
0.037989
0.038108
0.034849
0.037511
0.037606
0.039497
0.036544
0.038936
0.03512
0.04014
0.001562
0.003029
0.003157
0.038743
0.035484
0.036558
0.036231
0.0383
0.03904
0.034895
0.057086
0.039288
0.038456
0.054509
0.002663
0.038922
0.035327
0.040095
0.039083
0.037777
0.037208
0.039644
0.040125
0.032123
0.037908
0.037256
0.035323
0.036998
0.035333
0.037926
0.040798
0.039903
0.034557
0.038035
0.039388
0.037139
0.038853
0.041584
0.038371
0.041136
0.052411
0.002828
0.035844
0.03612
0.041261
0.002848
0.039618
0.036119
0.034767
0.037599
0.037948
0.036452
0.040199
0.035166
0.033078
0.002714
0.040516
0.037573
0.04099
0.036261
0.036241
0.037498
0.036286
0.03659
0.036082
0.038632
0.034787
0.036266
0.042287
0.038355
0.040758
0.035941
0.002394
0.038729
0.03611
0.035949
0.038157
0.049249
0.03703
0.039921
0.037838
0.038136
0.03398
0.039285
0.004008
0.033733
0.039632
0.002246
0.036358
0.036588
0.036729
0.036064
0.03755
0.035663
0.038008
0.032001
0.05503
0.037458
0.046042
0.038065
0.038505
0.00308
0.035773
0.039287
0.03682
0.034899
0.03756
0.035832
0.039861
0.036411
0.037002
0.035107
0.039073
0.036091
0.033022
0.037672
0.04018
0.002074
0.037041
0.001803
0.037887
0.04129
0.037094
0.036766
0.056849
0.034548
0.038099
0.040944
0.033991
0.035284
0.035371
0.00339
0.040751
0.033949
0.040613
0.039853
0.036344
0.036268
0.03789
0.003846
0.035679
0.035798
0.035507
0.033583
0.035637
0.035079
0.03776
0.035979
0.037748
0.036398
0.05227
0.045741
0.035329
0.056147
0.039694
0.038767
0.037231
0.04003
0.036988
0.002096
0.037683
0.036414
0.040703
0.036736
0.036075
0.040306
0.039135
0.038396
0.042381
0.037463
0.038776
0.040141
0.034908
0.002641
0.003558
0.036172
0.001792
0.058783
0.040026
0.03493
0.002691
0.036614
0.002796
0.03603
0.035039
0.036614
0.038285
0.036713
0.04257
0.039344
0.035985
0.033791
0.038356
0.039712
0.038636
0.038876
0.037551
0.03871
0.038352
0.040554
0.040053
0.002954
0.001956
0.033504
0.039291
0.002252
0.002075
0.056876
0.037878
0.03258
0.001839
0.00185
0.039376
0.060632
0.036572
0.04093
0.037565
0.039252
0.036016
0.037685
0.03839
0.040604
0.036828
0.039177
0.034297
0.036759
0.037322
0.035305
0.042257
0.035283
0.038291
0.036666
0.052702
0.039577
0.002227
0.035598
0.034047
0.00197
0.037949
0.037039
0.002369
0.037539
0.036411
0.04073
0.037002
0.038353
0.036521
0.040624
0.035739
0.034924
0.042186
0.036836
0.037151
0.035809
0.048756
0.058208
0.03624
0.03616
0.037517
0.035775
0.040223
0.040714
0.038122
0.038476
0.038531
0.03925
0.034432
0.035662
0.039895
0.037372
0.037141
0.040123
0.003647
0.037899
0.036514
0.036683
0.037891
0.037094
0.034658
0.039524
0.038902
0.03711
0.036079
0.039952
0.037487
0.038542
0.038478
0.036174
0.052699
0.036687
0.040405
0.037561
0.037232
0.059184
0.055974
0.005803
0.038162
0.040832
0.058966
0.002483
0.037072
0.001606
0.037016
0.036132
0.037425
0.038002
0.036577
0.039508
0.03613
0.033207
0.038187
0.035122
0.036773
0.002576
0.03554
0.038567
0.037127
0.0407
0.039546
0.042262
0.037907
0.035536
0.05026
0.038765
0.038145
0.036732
0.039234
0.032718
0.037229
0.058333
0.038317
0.037544
0.03886
0.035937
0.036352
0.033917
0.00328
0.038286
0.054979
0.05083
0.039502
0.003078
0.03859
0.03679
0.039237
0.037051
0.037107
0.031752
0.00296
0.037505
0.037727
0.002843
0.00303
0.039534
0.03733
0.037702
0.035518
0.041776
0.036633
0.040853
0.003488
0.036188
0.040695
0.040273
0.038728
0.039987
0.035814
0.002665
0.039732
0.037089
0.037222
0.051147
0.001778
0.066825
0.002383
0.002665
0.034506
0.040385
0.035143
0.034274
0.039155
0.033954
0.03566
0.002679
0.040456
0.036602
0.003044
0.035905
0.040313
0.035965
0.03568
0.036217
0.038218
0.054954
0.039527
0.039461
0.037369
0.037277
0.037243
0.037851
0.003331
0.039563
0.004188
0.036948
0.035291
0.033192
0.061351
0.032935
0.037507
0.037994
0.040424
0.003272
0.039822
0.040488
0.038521
0.039905
0.033444
0.040621
0.037371
0.036674
0.035908
0.003636
0.039229
0.036721
0.039033
0.037137
0.0368
0.039437
0.033927
0.036495
0.034719
0.040769
0.035051
0.039304
0.002088
0.038943
0.038438
0.001782
0.037735
0.00304
0.002694
0.04372
0.03298
0.034252
0.038592
0.037498
0.060684
0.034619
0.038528
0.039332
0.037517
0.037268
0.045728
0.033425
0.041428
0.034956
0.034071
0.035396
0.002228
0.001524
0.037499
0.039622
0.036381
0.037321
0.038822
0.00278
0.039237
0.038115
0.038047
0.038102
0.036197
0.037325
0.035562
0.003203
0.037728
0.039863
0.057141
0.035668
0.036288
0.039168
0.040781
0.036603
0.04729
0.036379
0.04152
0.037025
0.003616
0.002767
0.036924
0.035057
0.041471
0.03745
0.033805
0.038209
0.001818
0.033476
0.037776
0.039425
0.057704
0.038576
0.033679
0.035794
0.036771
0.00241
0.040878
0.038005
0.034078
0.035958
0.001512
0.039222
0.058507
0.038252
0.054764
0.038814
0.03746
0.035119
0.033775
0.035462
0.03911
0.038933
0.00215
0.036126
0.002695
0.002294
0.036588
0.002037
0.038965
0.034586
0.035539
0.039251
0.036218
0.035197
0.038579
0.037539
0.037299
0.002686
0.035338
0.002719
0.03747
0.05406
0.002005
0.038052
0.036828
0.037834
0.033192
0.003027
0.036162
0.037168
0.002006
0.040115
0.034139
0.003075
0.001723
0.03964
0.036886
0.040299
0.036634
0.045921
0.039469
0.039272
0.040228
0.03787
0.041818
0.001657
0.038435
0.035314
0.040535
0.041208
0.038125
0.036345
0.034675
0.035788
0.038008
0.032379
0.002082
0.034916
0.032147
0.03436
0.037539
0.038009
0.032934
0.038251
0.034914
0.056369
0.040198
0.034426
0.039535
0.002694
0.003018
0.036943
0.0337
0.036823
0.038757
0.037683
0.055168
0.034693
0.037317
0.036296
0.034837
0.040801
0.034154
0.037983
0.033807
0.042971
0.037579
0.041874
0.037177
0.039588
0.039571
0.002056
0.039832
0.035407
0.036856
0.033589
0.034207
0.034642
0.037471
0.037438
0.03622
0.041501
0.034085
0.035643
0.046207
0.002775
0.035255
0.051677
0.038147
0.055675
0.039963
0.038124
0.039978
0.034523
0.003149
0.037166
0.032691
0.039237
0.038949
0.044871
0.03572
0.002191
0.039477
0.038266
0.038779
0.037747
0.039238
0.037389
0.034067
0.039837
0.039954
0.04217
0.035364
0.047022
0.034727
0.034889
0.036432
0.001812
0.033346
0.039869
0.036197
0.034868
0.032794
0.039954
0.034108
0.034551
0.002432
0.03872
0.036005
0.039524
0.036585
0.035279
0.061258
0.034498
0.036097
0.036871
0.037794
0.039231
0.040796
0.034608
0.039477
0.041243
0.041247
0.039576
0.041552
0.001755
0.032881
0.034147
0.037242
0.040351
0.03858
0.037815
0.037166
0.002489
0.033138
0.002056
0.039893
0.035378
0.03922
0.052361
0.032961
0.038307
0.037214
0.035741
0.002493
0.035218
0.038944
0.042039
0.032772
0.037741
0.041077
0.036232
0.003535
0.038061
0.002678
0.039314
0.038673
0.035772
0.03413
0.035746
0.03599
0.037372
0.037981
0.00191
0.039654
0.037307
0.003473
0.038502
0.037407
0.038693
0.002347
0.034184
0.036633
0.134904
0.037216
0.04041
0.034625
0.038985
0.04132
0.002086
0.036574
0.036636
0.035822
0.003864
0.034268
0.039306
0.036805
0.033574
0.037212
0.038116
0.036044
0.037996
0.003455
0.038975
0.053838
0.039316
0.002593
0.001653
0.037733
0.036783
0.04025
0.03534
0.035285
0.0383
0.040675
0.041243
0.03847
0.034794
0.038028
0.03871
0.033042
0.034843
0.036361
0.002111
0.038189
0.038625
0.036924
0.041398
0.039183
0.038747
0.038559
0.035541
0.062403
0.042258
0.044136
0.038971
0.040338
0.03966
0.034307
0.036582
0.039049
0.037811
0.035094
0.002201
0.003721
0.054623
0.041666
0.061276
0.03894
0.035007
0.002706
0.03509
0.04093
0.037738
0.034184
0.035876
0.044708
0.035992
0.038521
0.002649
0.035368
0.035433
0.036779
0.002537
0.036771
0.036484
0.037587
0.039634
0.0407
0.04217
0.038482
0.035504
0.033062
0.036202
0.036575
0.031999
0.035486
0.040232
0.040323
0.036599
0.003074
0.002692
0.001797
0.035346
0.035312
0.035802
0.037869
0.03592
0.038834
0.001645
0.039036
0.042134
0.034431
0.038408
0.040493
0.043574
0.036742
0.002864
0.03559
0.002292
0.049482
0.041563
0.036022
0.037848
0.034156
0.038424
0.038952
0.044878
0.036304
0.038948
0.03706
0.002225
0.038041
0.035148
0.036826
0.052317
0.03804
0.035877
0.038133
0.037649
0.03772
0.003139
0.040827
0.034192
0.001898
0.039851
0.036383
0.06302
0.002318
0.036314
0.033032
0.038297
0.05105
0.038355
0.037384
0.035962
0.035007
0.039597
0.037607
0.034399
0.036985
0.003486
0.034932
0.035762
0.039072
0.001516
0.05754
0.040097
0.037495
0.038129
0.031863
0.04082
0.041076
0.003575
0.002894
0.039048
0.036011
0.033157
0.04064
0.036786
0.002475
0.036137
0.038056
0.035564
0.034905
0.039148
0.038245
0.040562
0.036553
0.035445
0.002463
0.036839
0.033504
0.035846
0.03436
0.037293
0.040383
0.03767
0.003185
0.042907
0.040468
0.033145
0.04036
0.038608
0.044582
0.040064
0.034247
0.037107
0.002764
0.040234
0.033709
0.002405
0.035509
0.037135
0.038837
0.038278
0.039468
0.040493
0.038863
0.039263
0.036699
0.039115
0.003355
0.00281
0.032682
0.00245
0.036954
0.040378
0.064418
0.036718
0.037209
0.03346
0.038311
0.035592
0.036745
0.214674
0.039194
0.03639
0.038797
0.040676
0.036734
0.039014
0.03292
0.03772
0.041617
0.034353
0.038022
0.037225
0.037564
0.03349
0.036209
0.037627
0.03179
0.03609
0.036674
0.037945
0.03841
0.032011
0.038331
0.002328
0.039549
0.069151
0.054665
0.038326
0.037933
0.036324
0.034363
0.038592
0.035479
0.040479
0.035528
0.035893
0.039229
0.035688
0.039062
0.002187
0.039401
0.039057
0.040801
0.032985
0.037921
0.038155
0.038082
0.036888
0.040972
0.037097
0.039372
0.037721
