0.850201
0.582544
0.177497
0.257649
0.371007
0.15803
0.076089
0.111948
0.075018
0.134415
0.091659
0.054227
0.057912
0.068593
0.092318
0.106987
0.101535
0.061479
0.052733
0.044992
0.045715
0.056458
0.072446
0.080309
0.102859
0.063022
0.0639
0.072614
0.059983
0.06096
0.058723
0.059504
0.105037
0.040207
0.060178
0.082104
0.055034
0.07611
0.037055
0.066061
0.079179
0.130737
0.04397
0.025408
0.026524
0.073453
0.081089
0.031705
0.036414
0.035823
0.04803
0.032158
0.051529
0.076855
0.024897
0.0493
0.039558
0.042665
0.06449
0.0296
0.034915
0.029113
0.026652
0.056988
0.036422
0.037246
0.044662
0.041645
0.036276
0.026518
0.072801
0.048001
0.04361
0.036312
0.040707
0.050702
0.034508
0.034987
0.034082
0.053199
0.041383
0.041616
0.035671
0.032273
0.023797
0.025398
0.043342
0.024488
0.053486
0.08961
0.088601
0.026573
0.024382
0.026605
0.016619
0.037032
0.051146
0.041205
0.021225
0.03107
0.037281
0.028864
0.035481
0.034857
0.023651
0.024797
0.038805
0.049135
0.038816
0.038786
0.02795
0.021478
0.018818
0.029617
0.031352
0.02908
0.041457
0.050138
0.057751
0.024911
0.033591
0.022518
0.02498
0.026503
0.019366
0.035034
0.03621
0.041464
0.064119
0.020444
0.020924
0.015659
0.022
0.025559
0.018834
0.019988
0.0376
0.053531
0.059108
0.041502
0.092098
0.031508
0.023028
0.014467
0.013463
0.037084
0.022619
0.02023
0.027905
0.048229
0.029537
0.021369
0.021213
0.040773
0.024488
0.03219
0.047645
0.023892
0.035566
0.043505
0.437023
0.041221
0.035431
0.063886
0.020137
0.024047
0.037787
0.026225
0.131263
0.026455
0.026101
0.020586
0.018999
0.025478
0.021717
0.023263
0.025093
0.024106
0.018415
0.017847
0.019395
0.025687
0.054534
0.018728
0.0266
0.027232
0.020611
0.018413
0.016851
0.014098
0.023172
0.023145
0.019687
0.039698
0.015905
0.020856
0.036153
0.025218
0.02732
0.026145
0.026776
0.024386
0.0278
0.02585
0.021251
0.022134
0.021426
0.024562
0.028593
0.017862
0.023399
0.03782
0.017821
0.029925
0.017773
0.02931
0.020482
0.025476
0.017772
0.021189
0.025981
0.016664
0.029386
0.024765
0.02367
0.026385
0.021374
0.026378
0.015881
0.01442
0.016121
0.016574
0.028487
0.040288
0.023385
0.019688
0.011969
0.033266
0.027964
0.021146
0.017963
0.015801
0.026209
0.026791
0.023333
0.020143
0.026749
0.021885
0.028664
0.053023
0.025336
0.02232
0.020931
0.017638
0.046031
0.042701
0.020383
0.014427
0.01898
0.024363
0.015539
0.013417
0.022928
0.029337
0.009776
0.020554
0.041362
0.018361
0.022739
0.021383
0.022906
0.019814
0.021784
0.019934
0.022276
0.020417
0.02174
0.032677
0.025003
0.02192
0.02045
0.012657
0.015098
0.026257
0.015811
0.019079
0.017261
0.028426
0.010177
0.023481
0.013305
0.01464
0.021469
0.018084
0.01849
0.019304
0.018848
0.019153
0.028886
0.025731
0.023282
0.03127
0.01309
0.012365
0.017798
0.013512
0.01421
0.02269
0.018017
0.020312
0.018673
0.014408
0.021291
0.024325
0.04018
0.018294
0.025243
0.022353
0.011732
0.033668
0.020511
0.021057
0.020256
0.029383
0.023323
0.019404
0.0221
0.015786
0.029387
0.029202
0.016563
0.016777
0.021465
0.016748
0.020612
0.037863
0.020146
0.021269
0.021861
0.018114
0.016909
0.014456
0.019925
0.018413
0.021634
0.020675
0.021919
0.02285
0.020566
0.024481
0.015904
0.025924
0.019948
0.022752
0.01569
0.01585
0.023065
0.0296
0.01654
0.019579
0.016214
0.020844
0.023079
0.01847
0.025532
0.015389
0.019593
0.019259
0.036031
0.030981
0.027398
0.019974
0.020986
0.019143
0.02476
0.032822
0.018594
0.01747
0.025006
0.01358
0.028969
0.015807
0.020452
0.014765
0.017261
0.027389
0.019131
0.017527
0.024288
0.016165
0.021637
0.025715
0.023863
0.01492
0.026144
0.016094
0.020364
0.016514
0.016391
0.017924
0.040744
0.015916
0.020927
0.020544
0.022708
0.019268
0.018766
0.019969
0.018699
0.0227
0.014854
0.016946
0.024346
0.018622
0.019713
0.01597
0.019352
0.031247
0.027401
0.028618
0.019919
0.022774
0.013811
0.016755
0.023116
0.026706
0.024194
0.017911
0.020711
0.013846
0.010706
0.02232
0.020916
0.017629
0.023224
0.02477
0.021357
0.014112
0.017494
0.022151
0.019085
0.045816
0.022563
0.017636
0.018337
0.022965
0.019779
0.021382
0.026653
0.031269
0.032623
0.025605
0.022046
0.02365
0.036607
0.022245
0.014761
0.021784
0.01416
0.025889
0.014574
0.020256
0.015852
0.016582
0.017273
0.022189
0.022177
0.023315
0.016988
0.0253
0.017254
0.014593
0.020608
0.02678
0.023657
0.01728
0.013982
0.026075
0.030371
0.027728
0.036195
0.021813
0.025111
0.018287
0.022604
0.017956
0.020312
0.014273
0.020461
0.02068
0.038119
0.01453
0.020589
0.024958
0.020235
0.013639
0.015235
0.019245
0.015325
0.019275
0.023733
0.021516
0.029398
0.020091
0.020001
0.017142
0.026304
0.025229
0.025837
0.018356
0.023492
0.015082
0.023345
0.034216
0.012862
0.026405
0.02509
0.025489
0.026759
0.021407
0.016751
0.033922
0.020047
0.023682
0.040386
0.020343
0.030507
0.013775
0.014609
0.02499
0.017214
0.016174
0.026952
0.030562
0.015097
0.032657
0.011057
0.02551
0.021511
0.0204
0.043653
0.01772
0.019914
0.03472
0.046498
0.023141
0.032958
0.021581
0.015098
0.026404
0.01746
0.016045
0.013688
0.011192
0.015159
0.024735
0.017005
0.019144
0.020231
0.018779
0.019461
0.027121
0.019526
0.016869
0.019568
0.017659
0.016949
0.015732
0.025904
0.02193
0.038695
0.020919
0.015943
0.021102
0.014607
0.021028
0.022243
0.020461
0.018463
0.014751
0.019933
0.025682
0.030686
0.024158
0.058548
0.029064
0.017189
0.015063
0.017329
0.016615
0.020225
0.02594
0.024895
0.019963
0.021317
0.021982
0.02697
0.017411
0.022278
0.055165
0.017505
0.020045
0.024597
0.028722
0.02786
0.020437
0.083439
0.022655
0.02143
0.019452
0.023061
0.026309
0.015221
0.017815
0.01588
0.018939
0.017273
0.021612
0.017301
0.016935
0.028048
0.010804
0.019768
0.014982
0.024622
0.015829
0.035204
0.016938
0.026247
0.026583
0.026099
0.01689
0.022966
0.019874
0.013227
0.032782
0.023661
0.025478
0.01632
0.018477
0.022903
0.034972
0.014801
0.014312
0.013713
0.018413
0.01694
0.011197
0.015956
0.021429
0.014534
0.022225
0.017143
0.011892
0.04128
0.018631
0.01831
0.021697
0.014473
0.017091
0.019926
0.021718
0.015814
0.023654
0.02607
0.015717
0.017637
0.016357
0.0162
0.017721
0.025845
0.035796
0.044263
0.023668
0.022882
0.058559
0.024573
0.03593
0.015996
0.0241
0.019118
0.024286
0.023573
0.016523
0.02214
0.01779
0.023962
0.027685
0.028028
0.018265
0.020905
0.027381
0.022444
0.012164
0.019103
0.020905
0.023185
0.024301
0.024593
0.023809
0.017142
0.015956
0.023233
0.018578
0.022194
0.023236
0.015619
0.023211
0.026218
0.0219
0.012746
0.020818
0.013996
0.023959
0.016023
0.015913
0.046306
0.02346
0.038101
0.02482
0.015831
0.016564
0.019625
0.014172
0.022732
0.016476
0.014271
0.019843
0.024648
0.01349
0.013842
0.010666
0.02357
0.018017
0.013645
0.023695
0.032785
0.02588
0.01434
0.02032
0.013361
0.034919
0.035441
0.018123
0.014514
0.015185
0.010724
0.03262
0.027052
0.025899
0.01413
0.014811
0.015957
0.017155
0.015635
0.014624
0.013352
0.019492
0.02843
0.010525
0.021941
0.010467
0.016287
0.014105
0.021553
0.019053
0.011886
0.016534
0.022834
0.01986
0.023591
0.026636
0.02169
0.01793
0.02444
0.019987
0.017767
0.026156
0.021694
0.017317
0.021876
0.012713
0.014828
0.016733
0.016136
0.022167
0.014668
0.01866
0.01447
0.010526
0.026446
0.039116
0.017925
0.017144
0.016595
0.021486
0.018402
0.014172
0.023524
0.016457
0.015434
0.016972
0.037976
0.020698
0.022667
0.023512
0.021458
0.014043
0.020909
0.014946
0.010398
0.016961
0.016701
0.019333
0.017597
0.017161
0.015211
0.027553
0.020354
0.017616
0.011402
0.014508
0.007975
0.020595
0.021654
0.01328
0.022943
0.03304
0.020327
0.021545
0.020639
0.016547
0.012588
0.018862
0.007685
0.031512
0.037142
0.026316
0.033835
0.01872
0.011423
0.010041
0.01862
0.023679
0.020594
0.020641
0.02263
0.008551
0.01919
0.015033
0.02095
0.021701
0.016671
0.013354
0.017244
0.033374
0.021879
0.019697
0.014751
0.019815
0.01663
0.01573
0.022569
0.013069
0.013912
0.035604
0.025331
0.017796
0.016861
0.011289
0.017757
0.017345
0.030044
0.028701
0.020096
0.018624
0.020925
0.018252
0.018323
0.02226
0.019716
0.015247
0.013494
0.014609
0.021736
0.011871
0.019969
0.015633
0.011162
0.014813
0.015267
0.018624
0.02312
0.011132
0.018309
0.016407
0.018623
0.017786
0.020406
0.014564
0.02416
0.014061
0.023693
0.013967
0.021298
0.019094
0.023777
0.017857
0.034508
0.049772
0.016924
0.014152
0.052258
0.034207
0.022035
0.015421
0.02127
0.018028
0.02087
0.021042
0.013945
0.013785
0.030719
0.012447
0.009722
0.013517
0.016674
0.016459
0.02056
0.017163
0.010545
0.029808
0.014396
0.015505
0.008637
0.02053
0.018869
0.015456
0.016057
0.011955
0.011316
0.03021
0.027261
0.028445
0.013616
0.010358
0.020356
0.016597
0.017824
0.015213
0.019166
0.017835
0.020146
0.018879
0.021305
0.022489
0.015598
0.016388
0.014625
0.013491
0.024956
0.014765
0.015206
0.01679
0.013775
0.008724
0.012428
0.019129
0.009966
0.020921
0.017443
0.012689
0.020543
0.01642
0.013159
0.017415
0.021808
0.02384
0.016613
0.024692
0.016893
0.013844
0.014879
0.016009
0.020705
0.024447
0.043664
0.023102
0.018355
0.013495
0.018714
0.015802
0.020652
0.016152
0.016832
0.014386
0.012858
0.024039
0.018148
0.01406
0.017637
0.014082
0.022821
0.015192
0.02031
0.015702
0.023438
0.010151
0.01882
0.022572
0.019019
0.016933
0.0135
0.009683
0.01282
0.01266
0.018075
0.022451
0.016397
0.022911
0.021153
0.015865
0.022436
0.015563
0.019759
0.01707
0.014104
0.017708
0.023806
0.021004
0.015203
0.013175
0.01326
0.008334
0.011301
0.020756
0.017622
0.021327
0.020883
0.013681
0.016812
0.012927
0.012328
0.019289
0.017634
0.018098
0.016438
0.012782
0.016503
0.018873
0.018769
0.023843
0.0209
0.014569
0.029189
0.010386
0.020568
0.012911
0.01588
0.021245
0.019596
0.014159
0.021107
0.014086
0.01609
0.02008
0.026194
0.022731
0.018751
0.014536
0.023426
0.017626
0.044524
0.032197
0.023189
0.020657
0.01702
0.018994
0.014827
0.018612
0.023402
0.014007
0.021536
0.022033
0.011915
0.014688
0.018422
0.018166
0.012217
0.020369
0.031587
0.012951
0.01854
0.018782
0.012724
0.022282
0.016759
0.017425
0.013706
0.014181
0.013072
0.017816
0.021685
0.022892
0.01724
0.037273
0.021369
0.008807
0.023585
0.016446
0.012085
0.024659
0.01358
0.015308
0.032602
0.015601
0.013406
0.023006
0.015265
0.01353
0.025446
0.021771
0.017832
0.017439
0.017549
0.018815
0.013965
0.022111
0.01134
0.020775
0.016568
0.027126
0.016861
0.011728
0.018941
0.016915
0.018094
0.013742
0.014841
0.020007
0.016868
0.01554
0.021895
0.020685
0.019156
0.022964
0.013855
0.018583
0.017013
0.01444
0.01283
0.014672
0.021445
0.01482
0.015841
0.01681
0.011728
0.010865
0.034025
0.017272
0.020627
0.017554
0.018059
0.020781
0.016954
0.0273
0.018476
0.019635
0.041404
0.014406
0.017339
0.016697
0.021033
0.020264
0.026568
0.014358
0.015695
0.021129
0.019768
0.021592
0.024084
0.014749
0.025769
0.014057
0.013746
0.009749
0.010178
0.021742
0.021891
0.024957
0.034065
0.018237
0.020728
0.012195
0.015877
0.014362
0.014694
0.017618
0.012995
0.0205
0.014499
0.024836
0.033577
0.02543
0.012963
0.014724
0.013318
0.012514
0.024048
0.018259
0.037293
0.020682
0.012097
0.016982
0.019474
0.011174
0.024804
0.021895
0.014532
0.017646
0.020527
0.023201
0.018215
0.033703
0.026341
0.016279
0.021252
0.01921
0.014406
0.030453
0.035316
0.030415
0.033945
0.022933
0.012801
0.020173
0.021222
0.027615
0.015413
0.0206
0.011747
0.021648
0.016768
0.011856
0.0136
0.017229
0.02082
0.020015
0.021248
0.016342
0.009565
0.013059
0.018267
0.020864
0.021711
0.014508
0.025686
0.020608
0.01458
0.01935
0.028814
0.013229
0.01448
0.023424
0.012169
0.016994
0.021337
0.018407
0.020248
0.015453
0.022729
0.018551
0.02369
0.036726
0.02039
0.011539
0.015305
0.021048
0.037675
0.024768
0.012464
0.020798
0.017351
0.024762
0.02032
0.011772
0.012315
0.02537
0.020187
0.021589
0.013548
0.014657
0.018194
0.011919
0.035442
0.016458
0.01626
0.025213
0.018301
0.01715
0.027887
0.017285
0.019829
0.016638
0.014605
0.015722
0.01599
0.024211
0.011332
0.023304
0.017057
0.03966
0.037231
0.016882
0.015682
0.023882
0.016217
0.01864
0.026001
0.012289
0.015977
0.025966
0.028477
0.021642
0.013451
0.012634
0.013426
0.022168
0.014302
0.01571
0.008543
0.010097
0.014117
0.014491
0.016553
0.013919
0.02172
0.021174
0.016841
0.016429
0.039913
0.01565
0.026769
0.015578
0.015346
0.033468
0.018253
0.014534
0.013163
0.028784
0.015083
0.015071
0.011734
0.012271
0.022062
0.015427
0.020106
0.033316
0.022023
0.012285
0.013055
0.022384
0.015761
0.018102
0.01665
0.021403
0.022969
0.020017
0.015108
0.01677
0.015206
0.019911
0.022589
0.01476
0.019074
0.02288
0.012811
0.01495
0.019002
0.022332
0.014047
0.013111
0.021084
0.022199
0.017569
0.020645
0.019013
0.018931
0.016391
0.010771
0.02089
0.014071
0.018376
0.022319
0.021302
0.012767
0.021548
0.021559
0.017089
0.035705
0.050319
0.021461
0.026707
0.017223
0.025133
0.020855
0.013976
0.0108
0.024126
0.016697
0.019329
0.011245
0.022268
0.021741
0.029349
0.024952
0.026989
0.016001
0.014118
0.017039
0.013773
0.02772
0.024043
0.021134
0.025144
0.040881
0.020133
0.024691
0.020187
0.018297
0.043218
0.019312
0.018925
0.023041
0.022922
0.024045
0.029594
0.019129
0.015756
0.021235
0.0162
0.037919
0.022945
0.024874
0.022417
0.013986
0.035937
0.018484
0.01333
0.018468
0.020818
0.012885
0.016715
0.016748
0.023863
0.01983
0.019482
0.01803
0.024472
0.021924
0.017777
0.012602
0.020406
0.012917
0.018273
0.01712
0.026197
0.010873
0.016983
0.022827
0.017633
0.013369
0.024682
0.027908
0.023128
0.017291
0.027071
0.013384
0.015147
0.017961
0.011465
0.023307
0.036773
0.01549
0.02453
0.015451
0.018142
0.016107
0.0182
0.017058
0.016693
0.01562
0.016078
0.011114
0.015859
0.014794
0.011127
0.035645
0.020817
0.021366
0.034082
0.03088
0.021868
0.023404
0.026228
0.014069
0.021587
0.014306
0.012519
0.013159
0.023034
0.017455
0.017212
0.021034
0.035312
0.033654
0.012795
0.030324
0.014072
0.035988
0.019144
0.019443
0.019752
0.014309
0.011654
0.012388
0.013539
0.010802
0.029799
0.016392
0.024941
0.016301
0.01833
0.017025
0.018378
0.01835
0.024918
0.015543
0.021752
0.018813
0.021537
0.018104
0.024281
0.02032
0.022851
0.021254
0.015596
0.019697
0.019102
0.012358
0.022402
0.028074
0.031935
0.016862
0.016448
0.019896
0.017294
0.023817
0.01399
0.021262
0.019205
0.01463
0.027393
0.011997
0.020011
0.012989
0.021229
0.013997
0.013354
0.015155
0.02279
0.017521
0.015924
0.013507
0.009676
0.023338
0.02115
0.018801
0.008624
0.016062
0.016358
0.011753
0.028013
0.017205
0.02577
0.023581
0.021485
0.027895
0.014753
0.014332
0.022164
0.017207
0.016599
0.021783
0.018975
0.024252
0.017068
0.014429
0.015793
0.019291
0.020157
0.015837
0.009386
0.024148
0.02639
0.015201
0.015558
0.013353
0.015509
0.013673
0.014248
0.019414
0.016581
0.017235
0.025155
0.013715
0.01245
0.024476
0.019249
0.01899
0.024393
0.012191
0.013098
0.029348
0.012871
0.02731
0.023739
0.02233
0.020811
0.018229
0.01127
0.014449
0.012645
0.022268
0.017931
0.019759
0.01219
0.011439
0.016864
0.023331
0.018609
0.021447
0.016926
0.025804
0.018501
0.024729
0.018384
0.016017
0.021795
0.024077
0.027285
0.011375
0.019669
0.017118
0.021215
0.019836
0.016023
0.016679
0.015257
0.022512
0.009061
0.016172
0.017254
0.022562
