0.547359
0.144737
0.148281
0.128604
0.190971
0.043282
0.129547
0.134276
0.147989
0.136957
1.278572
0.301886
0.084575
0.09907
0.046236
0.040394
0.036348
0.054223
0.016776
0.029497
0.028412
0.024692
0.040473
0.024908
0.023408
0.046727
0.033485
0.03381
0.026585
0.029476
0.07154
0.026866
0.023669
0.03845
0.023984
0.027517
0.036455
0.043369
0.033266
0.040019
0.035593
0.042186
0.019027
0.022604
0.035081
0.068915
0.134859
0.05726
0.018543
0.02859
0.024115
0.030493
0.038382
0.05005
0.021048
0.028541
0.026251
0.053388
0.035026
0.020662
0.028078
0.032656
0.028204
0.065224
0.103254
0.034482
0.026602
0.030742
0.034442
0.016905
0.031453
0.035237
0.017496
0.044834
0.038436
0.033807
0.026545
0.015919
0.041994
0.028314
0.033704
0.03166
0.036048
0.021023
0.024866
0.063707
0.044593
0.022759
0.02388
0.066886
0.027175
0.036386
0.019314
0.02129
0.022882
0.018439
0.03208
0.034183
0.032542
0.037828
0.023693
0.049587
0.027385
0.02407
0.012824
0.022118
0.023093
0.027286
0.021888
0.023079
0.028557
0.021557
0.036401
0.015356
0.027999
0.028932
0.047593
0.020692
0.017355
0.035535
0.0449
0.058483
0.043443
0.031533
0.017869
0.018014
0.026561
0.03426
0.018982
0.015999
0.031841
0.014331
0.020168
0.016439
0.017583
0.019477
0.015287
0.026244
0.033081
0.051517
0.055239
0.017336
0.012192
0.01621
0.016767
0.021275
0.015487
0.019333
0.018247
0.01386
0.011166
0.02286
0.043255
0.029305
0.017859
0.024401
0.023113
0.019557
0.022105
0.027747
0.01985
0.025766
0.028021
0.121431
0.017218
0.018962
0.023669
0.020706
0.017109
0.022414
0.016736
0.013552
0.024524
0.017418
0.007365
0.022818
0.017723
0.018427
0.014858
0.012856
0.015296
0.017317
0.013211
0.01938
0.01636
0.012242
0.015269
0.013631
0.013275
0.0102
0.017391
0.027092
0.013208
0.021704
0.020046
0.024498
0.010881
0.016409
0.015477
0.021506
0.01073
0.017129
0.015164
0.041708
0.013431
0.019311
0.013612
0.012277
0.009567
0.023639
0.01459
0.01759
0.01703
0.011063
0.033506
0.04325
0.010697
0.016888
0.013655
0.01245
0.015201
0.012998
0.011516
0.010132
0.020678
0.007683
0.010591
0.008059
0.013779
0.010037
0.014208
0.013172
0.015513
0.01308
0.013783
0.020757
0.016064
0.015487
0.014017
0.015873
0.01129
0.018383
0.014626
0.013048
0.013046
0.030663
0.01732
0.034236
0.015841
0.018022
0.01317
0.013022
0.014943
0.009306
0.012249
0.013081
0.008896
0.018793
0.012431
0.015131
0.012407
0.010654
0.012714
0.016134
0.014816
0.015703
0.015566
0.014997
0.015299
0.010895
0.009694
0.01874
0.014552
0.039482
0.039813
0.021034
0.014781
0.014867
0.012253
0.012739
0.009889
0.012323
0.007466
0.011801
0.010684
0.015156
0.010752
0.011802
0.009811
0.012871
0.007438
0.012445
0.013572
0.012476
0.009848
0.016365
0.01356
0.01222
0.018611
0.008618
0.012196
0.012968
0.015468
0.013165
0.012469
0.014003
0.014979
0.016046
0.032054
0.011231
0.013189
0.007244
0.014859
0.014457
0.010879
0.011493
0.015167
0.012729
0.007725
0.017998
0.012598
0.007612
0.012369
0.01616
0.007835
0.018383
0.017198
0.011918
0.010149
0.015213
0.01189
0.014737
0.011733
0.010537
0.029377
0.018441
0.012963
0.011005
0.020783
0.012699
0.008665
0.010269
0.013418
0.015911
0.027848
0.017332
0.012345
0.016291
0.012729
0.011986
0.012757
0.015489
0.011095
0.011448
0.009914
0.012825
0.018393
0.00905
0.011943
0.012362
0.01392
0.013135
0.011995
0.011406
0.014059
0.015036
0.014182
0.016959
0.012182
0.01399
0.014533
0.012717
0.014608
0.013854
0.007019
0.013472
0.018293
0.012701
0.013443
0.011774
0.013088
0.012329
0.012915
0.010332
0.011942
0.027543
0.015994
0.014045
0.013598
0.018026
0.013555
0.013865
0.007527
0.009455
0.015758
0.0146
0.012332
0.015158
0.01117
0.013355
0.015477
0.022802
0.013124
0.008922
0.013476
0.012849
0.010344
0.016542
0.021355
0.019734
0.013361
0.01608
0.022278
0.021237
0.012997
0.010124
0.013
0.018762
0.199971
0.017229
0.015929
0.014353
0.008298
0.007799
0.008142
0.021377
0.01509
0.012045
0.012968
0.01011
0.009127
0.018616
0.01628
0.015039
0.012064
0.011271
0.010464
0.015169
0.009828
0.009385
0.016137
0.010047
0.015398
0.01581
0.009136
0.016998
0.012692
0.015957
0.013985
0.011766
0.009101
0.009577
0.013427
0.013919
0.010748
0.015995
0.008589
0.014615
0.012538
0.010782
0.014386
0.012654
0.013719
0.014494
0.009496
0.012701
0.017033
0.015115
0.015321
0.008242
0.010676
0.014148
0.010722
0.0172
0.013352
0.012444
0.012534
0.019413
0.02928
0.015308
0.016173
0.013886
0.033426
0.015857
0.016001
0.015136
0.011377
0.013438
0.0107
0.014324
0.014592
0.018051
0.014182
0.01108
0.012468
0.011979
0.009623
0.009115
0.010995
0.025794
0.01397
0.014603
0.012366
0.011307
0.010437
0.007239
0.016198
0.01394
0.018946
0.011014
0.019724
0.013881
0.008713
0.017307
0.03275
0.01628
0.010751
0.015569
0.015851
0.015606
0.010128
0.009207
0.01245
0.010469
0.01768
0.011773
0.028967
0.025132
0.010256
0.008353
0.00957
0.027516
0.014367
0.014472
0.012476
0.011455
0.108948
0.010948
0.019478
0.010223
0.013652
0.016957
0.023705
0.01352
0.013799
0.011627
0.013885
0.013809
0.012772
0.012341
0.014561
0.008488
0.013684
0.008913
0.012978
0.016134
0.011364
0.018752
0.014185
0.018705
0.014011
0.018467
0.018112
0.010877
0.016507
0.009071
0.010304
0.009611
0.011035
0.014195
0.013891
0.01418
0.010821
0.012858
0.010257
0.022327
0.013583
0.009903
0.010008
0.015842
0.017519
0.021142
0.015934
0.011496
0.01207
0.014112
0.011594
0.013219
0.012681
0.010577
0.018719
0.015493
0.045692
0.035596
0.015928
0.012228
0.017246
0.012357
0.012267
0.036738
0.014126
0.015688
0.015624
0.013334
0.019939
0.011765
0.021772
0.01626
0.013884
0.010551
0.015366
0.021391
0.014587
0.011268
0.010331
0.007151
0.011821
0.011108
0.009736
0.029786
0.015215
0.007144
0.010909
0.008246
0.010673
0.012456
0.011341
0.014099
0.016282
0.015062
0.013713
0.018975
0.012084
0.009093
0.015552
0.01691
0.015567
0.015042
0.013012
0.018241
0.013175
0.015844
0.014749
0.010336
0.009148
0.008903
0.014633
0.008966
0.017222
0.00967
0.011922
0.011505
0.013288
0.013478
0.016265
0.009811
0.008994
0.016164
0.01556
0.0148
0.010797
0.009784
0.010682
0.014073
0.013256
0.011514
0.008978
0.014699
0.010265
0.011226
0.019251
0.011776
0.015021
0.015516
0.013859
0.013084
0.01386
0.011844
0.014617
0.015126
0.015712
0.010106
0.02503
0.013605
0.034817
0.014873
0.016474
0.029731
0.044071
0.009144
0.009703
0.015362
0.013974
0.01033
0.015074
0.015716
0.019205
0.017698
0.014301
0.013352
0.012351
0.010771
0.015391
0.031023
0.025435
0.025186
0.014083
0.033776
0.014958
0.01251
0.010538
0.012987
0.013092
0.008139
0.011961
0.010363
0.007769
0.009623
0.019303
0.013994
0.011483
0.009305
0.014056
0.012628
0.014082
0.01436
0.014487
0.010953
0.008206
0.02084
0.016192
0.007185
0.005348
0.020744
0.010373
0.00999
0.019843
0.011277
0.036041
0.031048
0.009663
0.012512
0.013292
0.009581
0.01264
0.010256
0.012298
0.010257
0.014728
0.008245
0.011948
0.013211
0.012851
0.012084
0.008527
0.010514
0.010983
0.009017
0.011048
0.012586
0.007423
0.008818
0.012096
0.010859
0.011081
0.011445
0.007502
0.010749
0.019301
0.018756
0.01118
0.009272
0.010073
0.01257
0.01378
0.022243
0.01651
0.012957
0.014512
0.008953
0.010827
0.011942
0.008627
0.009112
0.009221
0.011989
0.010325
0.005477
0.012976
0.007853
0.012588
0.011214
0.009972
0.015902
0.00832
0.033807
0.010853
0.015656
0.014373
0.013808
0.009064
0.015798
0.008561
0.011834
0.014588
0.006549
0.009958
0.010669
0.00828
0.009448
0.009671
0.010786
0.012272
0.00949
0.015057
0.01028
0.008058
0.014296
0.027066
0.010358
0.011188
0.009483
0.010477
0.023349
0.010124
0.011793
0.009597
0.011413
0.008327
0.029092
0.023945
0.011343
0.012347
0.011111
0.008165
0.01037
0.010062
0.009657
0.013003
0.009045
0.008365
0.009332
0.010275
0.010793
0.022804
0.008993
0.009825
0.007871
0.013309
0.031173
0.010884
0.015425
0.013387
0.010832
0.016294
0.011837
0.010185
0.012577
0.00767
0.015605
0.013422
0.006662
0.011717
0.009186
0.014283
0.010163
0.011488
0.009939
0.010658
0.006626
0.008944
0.010429
0.013597
0.012926
0.012835
0.010813
0.008379
0.013487
0.010553
0.014115
0.012349
0.021852
0.009627
0.018019
0.021154
0.012081
0.01075
0.010338
0.012654
0.008054
0.007163
0.007854
0.00782
0.008054
0.011922
0.009346
0.013746
0.013589
0.01265
0.014386
0.008543
0.01308
0.008523
0.010132
0.015533
0.014346
0.032186
0.013173
0.01159
0.011845
0.009998
0.012228
0.012388
0.013492
0.014095
0.010652
0.007489
0.008987
0.026057
0.007317
0.006876
0.008503
0.010947
0.007912
0.018732
0.011463
0.010414
0.017265
0.016163
0.008346
0.008968
0.010444
0.01016
0.008688
0.009724
0.014408
0.010809
0.009077
0.010751
0.011711
0.011661
0.016385
0.015071
0.007174
0.009437
0.008463
0.012015
0.008878
0.01877
0.012197
0.010971
0.013126
0.015291
0.009215
0.02041
0.011106
0.011807
0.012593
0.010358
0.011423
0.00881
0.010747
0.012518
0.010943
0.011825
0.006588
0.006577
0.007528
0.008546
0.012712
0.010987
0.008083
0.00942
0.013218
0.008935
0.01493
0.010251
0.010282
0.011057
0.008754
0.00879
0.007583
0.018997
0.014583
0.006225
0.010689
0.010788
0.010193
0.00772
0.008451
0.014234
0.012615
0.012385
0.007543
0.008785
0.012398
0.013256
0.012366
0.012378
0.009375
0.009476
0.017587
0.011127
0.019018
0.033268
0.008339
0.01115
0.006629
0.006492
0.008759
0.007783
0.014182
0.006289
0.006314
0.013465
0.008489
0.011282
0.011189
0.007189
0.025606
0.009986
0.01858
0.01166
0.011843
0.013234
0.008788
0.009982
0.013359
0.007676
0.011659
0.0107
0.020019
0.007595
0.009281
0.012041
0.009531
0.00848
0.011292
0.008112
0.00667
0.011167
0.013553
0.009497
0.009229
0.008228
0.012307
0.01006
0.008885
0.01478
0.011037
0.006135
0.011911
0.010163
0.014291
0.008744
0.032236
0.007685
0.010294
0.007802
0.009178
0.009662
0.008829
0.014605
0.012436
0.014793
0.007055
0.011292
0.016472
0.010342
0.005399
0.007255
0.013727
0.007061
0.0112
0.013932
0.012349
0.01021
0.012332
0.021557
0.006902
0.013524
0.010128
0.009978
0.007761
0.008501
0.01079
0.00978
0.011165
0.00775
0.011997
0.009902
0.010087
0.006995
0.008644
0.010695
0.012001
0.010889
0.009887
0.009698
0.008131
0.010521
0.009088
0.007092
0.012147
0.027325
0.016738
0.011721
0.013573
0.009945
0.011233
0.012251
0.010099
0.008784
0.019136
0.008766
0.032222
0.013801
0.010885
0.009543
0.018533
0.009106
0.008056
0.010323
0.009592
0.013179
0.00955
0.008048
0.009019
0.021308
0.021387
0.025424
0.010466
0.010352
0.010633
0.007553
0.012679
0.005437
0.010332
0.022215
0.010055
0.014827
0.012267
0.017929
0.012231
0.013358
0.009108
0.011089
0.010691
0.009938
0.010967
0.010104
0.01755
0.009623
0.008004
0.0093
0.010807
0.028007
0.007866
0.010024
0.007819
0.006779
0.009368
0.134028
0.013094
0.012426
0.011036
0.010543
0.011032
0.012126
0.008292
0.010007
0.009988
0.007632
0.011149
0.024755
0.024158
0.009896
0.012312
0.010533
0.017614
0.006712
0.007659
0.010761
0.013309
0.011458
0.006661
0.007163
0.013011
0.011497
0.01024
0.013634
0.012776
0.013318
0.006142
0.009963
0.031133
0.011977
0.010819
0.008889
0.025546
0.014029
0.008418
0.018181
0.007577
0.007878
0.007094
0.008594
0.007452
0.007628
0.007397
0.008735
0.010445
0.010477
0.013213
0.009128
0.007379
0.010725
0.008989
0.010774
0.011984
0.015213
0.012245
0.013637
0.011863
0.013541
0.010214
0.010791
0.011239
0.011479
0.02271
0.013843
0.01257
0.013599
0.009666
0.007527
0.010201
0.00989
0.007611
0.011897
0.008855
0.009753
0.00935
0.028485
0.009963
0.018179
0.010629
0.009626
0.012543
0.009483
0.010285
0.009508
0.008707
0.009318
0.013744
0.010935
0.011255
0.010704
0.010104
0.010748
0.010093
0.011458
0.012149
0.01165
0.010363
0.006533
0.009672
0.009851
0.010438
0.010022
0.014809
0.01608
0.011017
0.00863
0.013969
0.008735
0.021196
0.011551
0.010305
0.010447
0.018166
0.007638
0.012588
0.014951
0.011097
0.011352
0.011353
0.013273
0.014088
0.010019
0.010516
0.011242
0.010767
0.009335
0.010582
0.013994
0.016012
0.008537
0.009922
0.010722
0.008395
0.0097
0.010818
0.009343
0.01508
0.013684
0.009027
0.009926
0.01058
0.007821
0.006887
0.011321
0.012441
0.009073
0.018562
0.011935
0.008564
0.00998
0.009283
0.012937
0.006843
0.009089
0.017552
0.009879
0.011527
0.007279
0.01039
0.006705
0.008185
0.008731
0.008309
0.005537
0.014801
0.011063
0.016069
0.009059
0.02639
0.008349
0.012458
0.007906
0.009265
0.008929
0.008926
0.012995
0.012569
0.009545
0.011688
0.007998
0.007928
0.013271
0.012167
0.008357
0.013414
0.007476
0.005394
0.011008
0.011685
0.016862
0.014613
0.006143
0.00903
0.010111
0.008928
0.00964
0.009808
0.012416
0.01222
0.008628
0.031565
0.019918
0.028936
0.007146
0.010857
0.00845
0.015305
0.020771
0.010507
0.008494
0.01324
0.007321
0.018694
0.009491
0.010339
0.014234
0.007862
0.010164
0.007341
0.0112
0.00913
0.007818
0.008083
0.010081
0.008732
0.013587
0.009523
0.012826
0.008522
0.013711
0.01023
0.008023
0.011976
0.013115
0.007279
0.007526
0.011363
0.009226
0.010349
0.006776
0.011951
0.014733
0.010721
0.010413
0.006197
0.011865
0.01069
0.010379
0.008889
0.011616
0.01383
0.013537
0.009083
0.010273
0.012637
0.011963
0.007853
0.013643
0.013115
0.021367
0.010821
0.010413
0.007631
0.015631
0.022815
0.012795
0.008291
0.015898
0.008704
0.010055
0.008898
0.014954
0.011611
0.0097
0.013055
0.011115
0.012667
0.012055
0.014047
0.008752
0.011129
0.007071
0.01046
0.012546
0.009818
0.012787
0.007937
0.012122
0.009206
0.01027
0.00697
0.01026
0.01189
0.010794
0.007701
0.009107
0.008752
0.007432
0.020807
0.01259
0.01514
0.012049
0.012205
0.011802
0.011283
0.01446
0.013143
0.007862
0.011083
0.012247
0.009099
0.010928
0.00846
0.008859
0.010071
0.008982
0.010415
0.01138
0.009379
0.012646
0.009025
0.01154
0.010001
0.008278
0.010402
0.013736
0.010906
0.012412
0.007254
0.006858
0.006143
0.010543
0.007265
0.025335
0.010922
0.009941
0.012381
0.010475
0.008271
0.010445
0.010026
0.005736
0.011384
0.010241
0.009218
0.008358
0.010269
0.01357
0.009794
0.007319
0.025129
0.010943
0.012
0.013391
0.01507
0.008664
0.009078
0.008727
0.02742
0.010249
0.008457
0.009651
0.010804
0.012974
0.008956
0.008498
0.009678
0.009605
0.01504
0.011996
0.006217
0.012264
0.011921
0.011777
0.009338
0.014912
0.007036
0.011132
0.010407
0.014777
0.005638
0.008779
0.006805
0.010256
0.007778
0.012583
0.007713
0.008565
0.011087
0.012607
0.012665
0.010879
0.013067
0.010003
0.008093
0.011215
0.006303
0.019255
0.011027
0.006535
0.010672
0.012461
0.009738
0.011554
0.009884
0.011055
0.00883
0.006989
0.011054
0.013393
0.009304
0.011128
0.015184
0.009291
0.008983
0.011859
0.011208
0.009205
0.009955
0.011573
0.021151
0.012958
0.012142
0.016195
0.013702
0.01096
0.012328
0.015991
0.012628
0.014504
0.005135
0.0103
0.011303
0.014266
0.012923
0.00933
0.011483
0.006139
0.010261
0.0132
0.016832
0.009719
0.00883
0.014803
0.013194
0.009564
0.007511
0.012927
0.01754
0.007826
0.011236
0.012046
0.011408
0.011583
0.008436
0.009325
0.008513
0.010976
0.009315
0.01154
0.010814
0.014109
0.014405
0.010514
0.007954
0.009356
0.016176
0.010185
0.010049
0.009403
0.011042
0.014268
0.008269
0.009161
0.011518
0.012226
0.010101
0.015986
0.009683
0.011777
0.015514
0.016151
0.01106
0.010857
0.013101
0.007887
0.009293
0.009183
0.012595
0.012216
0.009662
0.008288
0.012058
0.006666
0.013456
0.009264
0.016505
